-3			-1005.99			-1005.99			-1005.99			-1005.99			-133.1371264926833	
	-2.99			-1005.99			-1005.99			-1005.99			-282.2884939194712			-129.63128326326694	
	-2.98			-1005.99			-1005.99			-1005.99			-275.38868920813246			-126.20638090759762	
	-2.97			-1005.99			-1005.99			-1005.99			-268.64708136583823			-122.86057698645047	
	-2.96			-1005.99			-1005.99			-1005.99			-262.0600693922129			-119.59207099963778	
	-2.95			-1005.99			-1005.99			-1005.99			-255.62413425565674			-116.39910343135975	
	-2.94			-1005.99			-1005.99			-1005.99			-249.33583702750906			-113.2799548172859	
	-2.93			-1005.99			-1005.99			-1005.99			-243.1918170586821			-110.2329448328724	
	-2.92			-1005.99			-1005.99			-1005.99			-237.18879019780076			-107.25643140243174	
	-2.91			-1005.99			-1005.99			-1005.99			-231.32354704990226			-104.3488098284825	
	-2.9			-1005.99			-1005.99			-1005.99			-225.59295127477205			-101.5085119409174	
	-2.89			-1005.99			-1005.99			-1005.99			-219.9939379240149			-98.7340052655388	
	-2.88			-1005.99			-1005.99			-1005.99			-214.52351181597868			-96.0237922115207	
	-2.87			-1005.99			-1005.99			-1005.99			-209.17874594766946			-93.37640927736608	
	-2.86			-1005.99			-1005.99			-1005.99			-203.95677994281564			-90.79042627493918	
	-2.85			-1005.99			-1005.99			-1005.99			-198.8548185352589			-88.26444557116079	
	-2.84			-1005.99			-1005.99			-1005.99			-193.87013008686645			-85.79710134696458	
	-2.83			-1005.99			-1005.99			-1005.99			-189.00004513918117			-83.38705887312194	
	-2.82			-1005.99			-1005.99			-1005.99			-184.24195499803864			-81.03301380255068	
	-2.81			-1005.99			-1005.99			-1005.99			-179.59331035040353			-78.73369147873312	
	-2.8			-1005.99			-1005.99			-1005.99			-175.0516199126896			-76.48784625987616	
	-2.79			-1005.99			-1005.99			-1005.99			-170.61444910984875			-74.29426085845574	
	-2.78			-1005.99			-1005.99			-1005.99			-166.27941878452648			-72.1517456957946	
	-2.77			-1005.99			-1005.99			-1005.99			-162.04420393560162			-70.05913827133217	
	-2.760000000000005			-1005.99			-1005.99			-1005.99			-157.9065324854397			-68.0153025462512	
	-2.7500000000000053			-1005.99			-1005.99			-1005.99			-153.86418407520742			-66.01912834113506	
	-2.7400000000000055			-1005.99			-1005.99			-1005.99			-149.91498888760916			-64.06953074733593	
	-2.7300000000000058			-1005.99			-1005.99			-1005.99			-146.0568264964207			-62.16544955174171	
	-2.720000000000006			-1005.99			-1005.99			-1005.99			-142.28762474221182			-60.305848674637254	
	-2.710000000000006			-1005.99			-1005.99			-1005.99			-138.60535863365902			-58.48971562036087	
	-2.7000000000000064			-1005.99			-1005.99			-1005.99			-135.00804927386943			-56.716060940466065	
	-2.6900000000000066			-1005.99			-1005.99			-284.51345301522224			-131.49376281114246			-54.98391770910258	
	-2.680000000000007			-1005.99			-1005.99			-277.5971462201708			-128.06060941361676			-53.29234101033973	
	-2.670000000000007			-1005.99			-1005.99			-270.83941192744913			-124.70674226725592			-51.64040743715931	
	-2.6600000000000072			-1005.99			-1005.99			-264.2366405862243			-121.4303565966435			-50.02721460185311	
	-2.6500000000000075			-1005.99			-1005.99			-257.78530480907125			-118.229688708067			-48.45188065756485	
	-2.6400000000000077			-1005.99			-1005.99			-251.48195750170578			-115.10301505438423			-46.91354383072346	
	-2.630000000000008			-1005.99			-1005.99			-245.32323003528867			-112.04865132117568			-45.41136196411919	
	-2.620000000000008			-1005.99			-1005.99			-239.3058304603353			-109.064951533699			-43.944512070380846	
	-2.6100000000000083			-1005.99			-1005.99			-233.42654176127934			-106.15030718417104			-42.512189895616864	
	-2.6000000000000085			-1005.99			-1005.99			-227.6822201507692			-103.30314637891594			-41.11360949298932	
	-2.5900000000000087			-1005.99			-1005.99			-222.0697934027901			-100.5219330049264			-39.748002805994545	
	-2.580000000000009			-1005.99			-1005.99			-216.5862592237291			-97.80516591539589			-38.4146192612293	
	-2.570000000000009			-1005.99			-1005.99			-211.2286836605196			-95.15137813379114			-37.112725370426915	
	-2.5600000000000094			-1005.99			-1005.99			-205.99419954502014			-92.55913607604141			-35.841604341552056	
	-2.5500000000000096			-1005.99			-1005.99			-200.88000497380438			-90.02703879043352			-34.60055569874811	
	-2.54000000000001			-1005.99			-1005.99			-195.88336182255432			-87.5537172148085			-33.3888949109356	
	-2.53000000000001			-1005.99			-1005.99			-191.00159429427103			-85.13783345066688			-32.205953028864776	
	-2.5200000000000102			-1005.99			-1005.99			-186.23208750053143			-82.77808005379707			-31.051076330429872	
	-2.5100000000000104			-1005.99			-1005.99			-181.57228607503967			-80.47317934105119			-29.923625974056932	
	-2.5000000000000107			-1005.99			-1005.99			-177.0196928187384			-78.22188271290054			-28.82297765998161	
	-2.490000000000011			-1005.99			-1005.99			-172.57186737576055			-76.02296999141161			-27.748521299237147	
	-2.480000000000011			-1005.99			-1005.99			-168.2264249395206			-73.87524877329164			-26.699660690177158	
	-2.4700000000000113			-1005.99			-1005.99			-163.9810349882582			-71.77755379766043			-25.675813202361553	
	-2.4600000000000115			-1005.99			-1005.99			-159.83342004936497			-69.72874632821382			-24.676409467638255	
	-2.4500000000000117			-1005.99			-1005.99			-155.78135449183839			-67.72771354945053			-23.70089307825661	
	-2.440000000000012			-1005.99			-1005.99			-151.82266334622255			-65.77336797664262			-22.748720291852642	
	-2.430000000000012			-1005.99			-1005.99			-147.95522115141077			-63.86464687923672			-21.8193597431497	
	-2.4200000000000124			-1005.99			-1005.99			-144.17695082769788			-62.00051171738027			-20.912292162221476	
	-2.4100000000000126			-1005.99			-1005.99			-140.4858225754851			-60.17994759127387			-20.027010099168276	
	-2.400000000000013			-1005.99			-1005.99			-136.87985279905337			-58.40196270305801			-19.163017655060344	
	-2.390000000000013			-1005.99			-286.74013350260697			-133.3571030548348			-56.66558783094874			-18.319830219005706	
	-2.380000000000013			-1005.99			-279.8072854401856			-129.9156790236241			-54.96987581534339			-17.49697421120303	
	-2.3700000000000134			-1005.99			-273.03338640530814			-126.55372950618539			-53.31390105662403			-16.693986831843347	
	-2.3600000000000136			-1005.99			-266.4148182763815			-123.26944544172206			-51.69675902439237			-15.910415815727516	
	-2.350000000000014			-1005.99			-259.94804529031467			-120.06105894868868			-50.11756577787567			-15.145819192469169	
	-2.340000000000014			-1005.99			-253.62961216781096			-116.9268423874368			-48.57545749724974			-14.3997650521562	
	-2.3300000000000143			-1005.99			-247.45614228133235			-113.8651074441975			-47.069590025630085			-13.671831316346374	
	-2.3200000000000145			-1005.99			-241.4243358647679			-110.87420423591529			-45.59913842148897			-12.961605514275817	
	-2.3100000000000147			-1005.99			-235.53096826385317			-107.95252043545793			-44.16329652126029			-12.268684564161479	
	-2.300000000000015			-1005.99			-229.77288822641657			-105.09848041673959			-42.76127651190113			-11.592674559481896	
	-2.290000000000015			-1005.99			-224.14701623154303			-102.31054441930284			-41.392308513182755			-10.933190560122705	
	-2.2800000000000153			-1005.99			-218.6503428567719			-99.58720773191729			-40.05564016948997			-10.289856388276316	
	-2.2700000000000156			-1005.99			-213.27992718246094			-96.92699989476179			-38.75053625091222			-9.66230442898744	
	-2.2600000000000158			-1005.99			-208.032895232472			-94.32848391976732			-37.47627826341498			-9.050175435238822	
	-2.250000000000016			-1005.99			-202.90643845035066			-91.79025552870665			-36.23216406788465			-8.453118337473656	
	-2.240000000000016			-1005.99			-197.8978122101926			-89.31094240862762			-35.01750750784514			-7.870790057453897	
	-2.2300000000000164			-1005.99			-193.0043343614063			-86.88920348423449			-33.83163804564857			-7.30285532635561	
	-2.2200000000000166			-1005.99			-188.22338380660187			-84.52372820683226			-32.67390040694745			-6.748986507005054	
	-2.210000000000017			-1005.99			-183.55239911184978			-82.21323585945622			-31.543654233259435			-6.208863420161043	
	-2.200000000000017			-1005.99			-178.98887714857537			-79.956474877819			-30.44027374244083			-5.682173174751739	
	-2.1900000000000173			-1005.99			-174.53037176636644			-77.75222218671455			-29.363147396888596			-5.168610001975624	
	-2.1800000000000175			-1005.99			-170.17449249599233			-75.59928255152748			-28.31167757929506			-4.667875093178855	
	-2.1700000000000177			-1005.99			-165.91890328194503			-73.49648794450383			-27.285280275783244			-4.179676441422944	
	-2.160000000000018			-1005.99			-161.76132124383219			-71.44269692544741			-26.28338476625503			-3.7037286866588364	
	-2.150000000000018			-1005.99			-157.6995154659632			-69.43679403651291			-25.30543332178778			-3.239752964425213	
	-2.1400000000000183			-1005.99			-153.73130581448845			-67.47768921077554			-24.350880908919095			-2.7874767579908695	
	-2.1300000000000185			-1005.99			-149.85456178146347			-65.56431719426305			-23.41919490066285			-2.3466337538627453	
	-2.1200000000000188			-1005.99			-146.06720135522534			-63.695636981143984			-22.509854794103312			-1.9169637005829774	
	-2.110000000000019			-1005.99			-142.36718991648254			-61.87063126177259			-21.622351934417615			-1.4982122707401269	
	-2.100000000000019			-1005.99			-138.75253915953303			-60.088305883297835			-20.756189245180238			-1.0901309261214394	
	-2.0900000000000194			-288.9685394690136			-135.22130603803814			-58.34768932255039			-19.910880964806513			-0.6924767859345753	
	-2.0800000000000196			-282.0191108625243			-131.77159173479347			-56.64783217092806			-19.08595238899535			-0.3050124980289928	
	-2.07000000000002			-275.2290087028402			-128.40154065495142			-54.987806631007025			-18.28093961903483			0.07249388695126768	
	-2.06000000000002			-268.5946062772566			-125.10933944215962			-53.366706024611126			-17.49538931583688			0.440269038550241	
	-2.0500000000000203			-262.11235942712904			-121.89321601709585			-51.78364431207924			-16.728858459570937			0.7985344666832148	
	-2.0400000000000205			-255.778804668713			-118.7514386378878			-50.23775562247522			-15.980914114768927			1.1475066390842192	
	-2.0300000000000207			-249.59055735677927			-115.68231498192095			-48.728193794491794			-15.251133200777213			1.4873970960800778	
	-2.020000000000021			-243.5443098900301			-112.68419124854636			-47.254131927804494			-14.539102267433561			1.818412562751904	
	-2.010000000000021			-237.63682995736525			-109.75545128221395			-45.81476194463829			-13.84441727585046			2.140755058543455	
	-2.0000000000000213			-231.86495882406786			-106.89451571556523			-44.40929416131393			-13.166683384188278			2.4546220043745457	
	-1.9900000000000215			-226.22560965700143			-104.09984113203201			-43.03695686954732			-12.505514738304974			2.7602063273161974	
	-1.9800000000000217			-220.7157658879301			-101.36991924749637			-41.696995927279495			-11.860534267171062			3.057696562883155	
	-1.970000000000022			-215.33247961409447			-98.70327611057854			-40.38867435882058			-11.231373482941605			3.347276954997886	
	-1.9600000000000222			-210.07287003519392			-96.09847132112827			-39.111271964095444			-10.617672285579035			3.629127553679174	
	-1.9500000000000224			-204.93412192594874			-93.55409726650569			-37.86408493678416			-10.019078771923391			3.903424310507	
	-1.9400000000000226			-199.9134841434304			-91.06877837524651			-36.646425491154574			-9.435249049108595			4.170339171914403	
	-1.9300000000000228			-195.00826816836852			-88.64117038771558			-35.4576214973891			-8.865847052225858			4.430040170355783	
	-1.920000000000023			-190.2158466796633			-86.26995964336295			-34.29701612521278			-8.310544366137702			4.6826915133998845	
	-1.9100000000000232			-185.5336521613442			-83.95386238420342			-33.16396749563302			-7.769020051347819			4.928453670794868	
	-1.9000000000000234			-180.95917554123983			-81.69162407415124			-32.057848340606924			-7.24096047383477			5.167483459551475	
	-1.8900000000000237			-176.48996486063385			-79.48201873384825			-30.978045670455426			-6.726059138759022			5.399934127089505	
	-1.8800000000000239			-172.12362397420466			-77.32384829063363			-29.92396044884813			-6.2240165279553725			5.625955432491619	
	-1.870000000000024			-167.85781127955707			-75.21594194330984			-28.895007275186227			-5.734539941124422			5.8456937259076245	
	-1.8600000000000243			-163.69023847567385			-73.15715554136823			-27.890614074215417			-5.257343340639016			6.0592920261512795	
	-1.8500000000000245			-159.61866934962822			-71.14637097834542			-26.910221792704014			-4.792147199883313			6.266890096530828	
	-1.8400000000000247			-155.6409185909141			-69.18249559898837			-25.95328410302549			-4.338678355044049			6.468624518953437	
	-1.830000000000025			-151.75485063276565			-67.26446161991413			-25.01926711348837			-3.8966698602754906			6.664628766342876	
	-1.8200000000000252			-147.95837851985146			-65.39122556345703			-24.107649085259816			-3.4658608461612133			6.855033273408832	
	-1.8100000000000254			-144.2494628017432			-63.5617677044029			-23.217920155732752			-3.0459963813976794			7.039965505805487	
	-1.8000000000000256			-140.6261104515719			-61.77509152931725			-22.349582068189925			-2.636827337626267			7.219550027716014	
	-1.7900000000000258			-137.086373809299			-60.03022320818081			-21.502147907621705			-2.2381102573421554			7.393908567898956	
	-1.780000000000026			-133.62834954904105			-58.32621107805182			-20.675141842557213			-1.8496072248099091			7.5631600842316296	
	-1.7700000000000262			-130.25017766990095			-56.66212513848177			-19.868098872772187			-1.4710857399173962			7.7274208267849644	
	-1.7600000000000264			-126.95004050977121			-55.03705655841691			-19.080564582739758			-1.1023185949011802			7.8868043994634185	
	-1.7500000000000266			-123.72616178158528			-53.45011719432394			-18.312094900693268			-0.7430837538779365			8.041421820243043	
	-1.7400000000000269			-120.57680563150646			-51.900439119284535			-17.56225586317357			-0.3931642351180846			8.191381580040073	
	-1.730000000000027			-117.50027571855561			-50.38717416280911			-16.830623384935855			-0.05234799599922635			8.336789700241834	
	-1.7200000000000273			-114.4949143151883			-48.90949346112545			-16.116783034094027			0.2795721794216881			8.47774978893128	
	-1.7100000000000275			-111.55910142834593			-47.46658701770427			-15.420329812383432			0.6027987902769851			8.614363095836023	
	-1.7000000000000277			-108.6912539405141			-46.05766327378835			-14.740867940425474			0.9175297262559647			8.74672856603223	
	-1.690000000000028			-105.88982477033241			-44.6819486886975			-14.07801064788005			1.223958372528677			8.874942892433669	
	-1.6800000000000281			-103.1533020523117			-43.33868732968715			-13.43137996837487			1.5222737122812688			8.999100567095638	
	-1.6700000000000284			-100.48020833522293			-42.027140471142765			-12.800606539102677			1.8126604269173656			9.119293931363735	
	-1.6600000000000286			-97.86909979873285			-40.746586202897724			-12.185329404980155			2.095298993978627			9.235613224897117	
	-1.6500000000000288			-95.31856548787154			-39.49631904746706			-11.585195827264826			2.370365782836295			9.34814663359604	
	-1.640000000000029			-92.82722656492518			-38.27564958599388			-10.999861096528235			2.638033148204597			9.456980336463685	
	-1.6300000000000292			-90.39373557835822			-37.0839040927104			-10.428988349886495			2.898469521525479			9.562198551432415	
	-1.6200000000000294			-88.01677574837676			-35.92042417771967			-9.872248392391128			3.1518395002731836			9.663883580184967	
	-1.6100000000000296			-85.69506026875426			-34.784566437908424			-9.329319522485504			3.3983039352260356			9.762115852001543	
	-1.6000000000000298			-83.42733162455008			-33.67570211580633			-8.799887361434461			3.6380200157516356			9.856973966664054	
	-1.59000000000003			-81.2123609253583			-32.593216766210446			-8.283644686636515			3.8711413531507546			9.948534736449414	
	-1.5800000000000303			-79.04894725373383			-31.536509930398207			-7.780291268730396			4.097818062104086			10.036873227244104	
	-1.5700000000000305			-76.9359170284499			-30.504994817756238			-7.289533712409411			4.318196840265074			10.122062798812745	
	-1.5600000000000307			-74.87212338225001			-29.4980979946563			-6.811085300859439			4.532421046040959			10.204175144253664	
	-1.550000000000031			-72.85644555376358			-28.515259080413085			-6.344665843737832			4.740630774603362			10.283280328674792	
	-1.5400000000000311			-70.88778829326348			-27.555930450163032			-5.890001528612807			4.942962932168687			10.359446827123122	
	-1.5300000000000313			-68.96508128195009			-26.619576944506335			-5.4468247757844575			5.139551308587739			10.432741561800896	
	-1.5200000000000315			-67.08727856445415			-25.705675585758364			-5.01487409641047			5.330526648283081			10.50322993860119	
	-1.5100000000000318			-65.25335799425736			-24.813715300659965			-4.59389395386127			5.516016719571796			10.570975882994777	
	-1.500000000000032			-63.46232069173675			-23.94319664939966			-4.183634628231117			5.696146382410435			10.636041875299078	
	-1.4900000000000322			-61.71319051454553			-23.093631560804052			-3.7838520839333123			5.8710376545981955			10.69848898535847	
	-1.4800000000000324			-60.00501354004945			-22.264543073556013			-3.3943078403092914			6.040809776473534			10.758376906663162	
	-1.4700000000000326			-58.33685755954438			-21.455465083303473			-3.0147688451830237			6.205579274138682			10.815763989931629	
	-1.4600000000000328			-56.70781158398702			-20.665942095524795			-2.6450073512936827			6.365460021245825			10.870707276178575	
	-1.450000000000033			-55.116985360976315			-19.895528984019442			-2.2848007955410057			6.5205632993780736			10.923262529287303	
	-1.4400000000000333			-53.5635089027299			-19.143790754896234			-1.9339316809794003			6.670997857057602			10.973484268101359	
	-1.4300000000000335			-52.046532024805096			-18.410302315933833			-1.5921874614981997			6.816869967412888			11.021425798046646	
	-1.4200000000000337			-50.565223895319875			-17.694648251191218			-1.2593604291268932			6.9582834845363895			11.067139242290413	
	-1.410000000000034			-49.11877259443468			-16.996422600748623			-0.9352476039055944			7.0953398985635125			11.110675572439128	
	-1.400000000000034			-47.706384683861934			-16.31522864546225			-0.6196506262624064			7.228138389503398			11.15208463877229	
	-1.3900000000000343			-46.32728478617443			-15.650678696618497			-0.3123756518405294			7.356775879851664			11.191415200004386	
	-1.3800000000000345			-44.98071517369007			-15.002393890376316			-0.013233248719438429			7.481347086015056			11.228714952562303	
	-1.3700000000000347			-43.66593536671453			-14.370003986888545			0.2779617030244479			7.601944568577826			11.264030559360815	
	-1.360000000000035			-42.38222174092913			-13.753147173995846			0.5613901094707998			7.718658781439517			11.297407678054206	
	-1.3500000000000352			-41.128867143715716			-13.151469875389136			0.8372287587741578			7.831578119854008			11.328890988738141	
	-1.3400000000000354			-39.90518051921489			-12.564626563138724			1.1056504148993689			7.9407889673997065			11.358524221072095	
	-1.3300000000000356			-38.71048654191912			-11.992279574490839			1.3668239092233208			8.046375741911064			11.386350180789783	
	-1.3200000000000358			-37.54412525860617			-11.434098932834363			1.6209142300515786			8.148420940401875			11.412410775562599	
	-1.310000000000036			-36.40545173842317			-10.889762172742861			1.8680826100973675			8.247005183011261			11.436747040179505	
	-1.3000000000000362			-35.29383573093578			-10.358954168999166			2.1084866119692887			8.342207256003546			11.459399161006026	
	-1.2900000000000365			-34.20866133196102			-9.841366969511784			2.342280211713117			8.434104153853928			11.48040649968522	
	-1.2800000000000367			-33.14932665700673			-9.336699632034643			2.569613880451943			8.52277112045202			11.499807616044261	
	-1.2700000000000369			-32.115243522144496			-8.844658064603523			2.7906346641679693			8.608281689456048			11.51764029017248	
	-1.260000000000037			-31.105837132146654			-8.3649548696046			3.005486261668276			8.69070772383063			11.533941543639127	
	-1.2500000000000373			-30.120545775722334			-7.897309191392441			3.214309100775864			8.770119454601428			11.548747659822983	
	-1.2400000000000375			-29.15882052769066			-7.441446567376605			3.4172404127864358			8.846585518859953			11.562094203330105	
	-1.2300000000000377			-28.220124957933365			-6.997098782497955			3.6144143052303725			8.920172997051717			11.57401603848113	
	-1.220000000000038			-27.303934846972414			-6.564003727017481			3.8059618329785145			8.990947449580407			11.584547346855114	
	-1.2100000000000382			-26.409737908021963			-6.141905257542254			3.992011067729507			9.058972952760131			11.593721643882947	
	-1.2000000000000384			-25.537033515367032			-5.730553061214787			4.172687165915603			9.124312134146654			11.601571794489857	
	-1.1900000000000386			-24.6853324389252			-5.32970252299387			4.348112435062989			9.187026207277			11.608130027793	
	-1.1800000000000388			-23.85415658485033			-4.939114595956435			4.518406398641961			9.247175005844984			11.613427950867077	
	-1.170000000000039			-23.043038742040828			-4.558555674551684			4.683685859441512			9.304817017337822			11.617496561597214	
	-1.1600000000000392			-22.251522334418222			-4.18779747074038			4.844064961502113			9.360009416156178			11.620366260645095	
	-1.1500000000000394			-21.47916117884438			-3.8266168929534596			4.999655250639908			9.412808096236779			11.622066862560327	
	-1.1400000000000396			-20.725519248549393			-3.474795927805965			5.150565733594766			9.463267703193027			11.622627606074651	
	-1.1300000000000399			-19.990170441944358			-3.1321215245034453			5.296902935834195			9.511441665985085			11.622077163622006	
	-1.12000000000004			-19.272698356696683			-2.798385481879609			5.438770958044449			9.55738222812639			11.620443650131836	
	-1.1100000000000403			-18.572696068948098			-2.4733843380053133			5.576271531339797			9.601140478429084			11.617754631146987	
	-1.1000000000000405			-17.889765917558158			-2.156919262310344			5.709504071220479			9.642766381285897			11.61403713032076	
	-1.0900000000000407			-17.223519293259134			-1.8487959501608326			5.838565730309506			9.682308806481197			11.60931763635	
	-1.080000000000041			-16.573576432610174			-1.5488245198363515			5.963551449898318			9.719815558519066			11.603622109402906	
	-1.0700000000000411			-15.939566216641724			-1.2568194118521268			6.0845540103310825			9.75533340545138			11.596975987100784	
	-1.0600000000000414			-15.321125974083328			-0.9725992905729264			6.2016640802573555			9.788908107184563			11.58940419011357	
	-1.0500000000000416			-14.717901289070541			-0.6959869480665297			6.314970264782909			9.820584443239367			11.580931127427846	
	-1.0400000000000418			-14.129545813228907			-0.4268092101457084			6.424559152548635			9.850406239934452			11.571580701345098	
	-1.030000000000042			-13.5557210820355			-0.16489684454899578			6.530515361767636			9.878416396961441			11.561376312265974	
	-1.0200000000000422			-12.996096335360555			0.08991552878849696			6.632921585250955			9.904656913316655			11.550340863313828	
	-1.0100000000000424			-12.450348342094035			0.3377895254217913			6.731858634452777			9.929168912553125			11.538496764847928	
	-1.0000000000000426			-11.918161228764264			0.5788830820867457			6.827405482566315			9.951992667315585			11.525865938913341	
	-0.9900000000000428			-11.399226312057593			0.8133505404402097			6.919639306702129			9.973167623121189			11.512469823670838	
	-0.9800000000000431			-10.893241935150442			1.0413427288940245			7.008635529181056			9.992732421349562			11.498329377846257	
	-0.9700000000000433			-10.399913307766846			1.2630070425862616			7.094467857974353			10.010724921407686			11.483465085234624	
	-0.9600000000000435			-9.918952349876765			1.4784875215320987			7.177208326324035			10.027182222037624			11.467896959290105	
	-0.9500000000000437			-9.450077538952225			1.68792492699579			7.2569273315766605			10.04214068173879			11.451644547828739	
	-0.9400000000000439			-8.993013760700359			1.8914568161242284			7.333693673263822			10.055635938280563			11.434726937866476	
	-0.9300000000000441			-8.547492163194152			2.0892176148816937			7.4075745904625965			10.067702927286138			11.417162760611127	
	-0.9200000000000443			-8.113250014323599			2.28133868932445			7.478635798468673			10.078375899873944			11.398970196622702	
	-0.9100000000000446			-7.690030562491675			2.467948415253094			7.546941524814304			10.087688439349112			11.380166981152847	
	-0.9000000000000448			-7.277582900481207			2.649172246279548			7.612554544662103			10.09567347694373			11.360770409670426	
	-0.890000000000045			-6.875661832420585			2.8251327803449477			7.675536215604296			10.102363306611327			11.340797343577009	
	-0.8800000000000452			-6.484027743777645			2.9959498247237395			7.735946511895129			10.107789598887631			11.3202642161129	
	-0.8700000000000454			-6.1024464743128615			3.161740459548687			7.79384405814192			10.111983413836441			11.29918703845145	
	-0.8600000000000456			-5.730689193924519			3.3226190998906144			7.849286162477352			10.11497521310567			11.277581405976935	
	-0.8500000000000458			-5.368532281319937			3.4786975564261624			7.902328849232553			10.116794871125112			11.255462504739064	
	-0.840000000000046			-5.015757205448501			3.6300850947261143			7.9530268911267665			10.117471685482936			11.232845118075119	
	-0.8300000000000463			-4.672150409633637			3.776888493196278			8.001433840985468			10.117034386523361			11.209743633389156	
	-0.8200000000000465			-4.337503198342199			3.919212099702394			8.047602062994468			10.115511146212501			11.186172049076298	
	-0.8100000000000467			-4.011611626531347			4.057157886910009			8.091582763492847			10.112929586323368			11.162143981578943	
	-0.8000000000000469			-3.6942763915142005			4.1908255063699045			8.13342602130283			10.109316785994245			11.13767267256096	
	-0.7900000000000471			-3.3853027272868967			4.320312341379301			8.173180817589836			10.10469928871725			11.11277099618517	
	-0.7800000000000473			-3.0845003012610763			4.445713558648842			8.210895065240978			10.099103108815346			11.087451466479084	
	-0.7700000000000475			-2.791683113347054			4.567122158805091			8.246615637745567			10.09255373746739			11.061726244773585	
	-0.7600000000000477			-2.5066693973340644			4.68462902575842			8.280388397556695			10.085076148340637			11.03560714719914	
	-0.750000000000048			-2.229281524515451			4.798322974965929			8.31225822390862			10.076694802889808			11.009105652224402	
	-0.7400000000000482			-1.9593459095075492			4.908290800619369			8.342269040061147			10.067433655380526			10.98223290822203	
	-0.7300000000000484			-1.6966929182124373			5.014617321788135			8.370463839938942			10.057316157693108			10.954999741047196	
	-0.7200000000000486			-1.4411567778756709			5.11738542754777			8.396884714131188			10.04636526396029			10.927416661614533	
	-0.7100000000000488			-1.1925754891913893			5.216676121124694			8.42157287521531			10.03460343508954			10.899493873459878	
	-0.700000000000049			-0.9507907404081255			5.312568563088437			8.44456868236756			10.022052643217425			10.871241280273857	
	-0.6900000000000492			-0.7156478233898218			5.405140113622979			8.46591166522313			10.008734376139685			10.842668493394843	
	-0.6800000000000495			-0.48699555158751373			5.494466373909372			8.485640546949265			9.99466964175687			10.813784839249863	
	-0.6700000000000497			-0.2646861798782094			5.5806212266522035			8.503793266496666			9.979878972571331			10.78459936673239	
	-0.6600000000000499			-0.04857532622843941			5.663676875782846			8.520406999996899			9.964382430267007			10.75512085450709	
	-0.6500000000000501			0.16147810485904923			5.7437038853727085			8.53551818127703			9.948199610399422			10.725357818232126	
	-0.6400000000000503			0.36561199715606296			5.820771217789796			8.549162521466934			9.93134964721888			10.695318517690524	
	-0.6300000000000505			0.5639610958168895			5.894946271131783			8.56137502767951			9.913851218645807			10.665010963822855	
	-0.6200000000000507			0.7566570788221325			5.966294915968442			8.572190020749654			9.895722551413195			10.634442925654241	
	-0.610000000000051			0.9438286267964111			6.034881531425636			8.581641152023712			9.876981426387209			10.603621937109462	
	-0.6000000000000512			1.125601491236976			6.100769040641987			8.589761419197593			9.857645184073348			10.572555303710654	
	-0.5900000000000514			1.3020985611894984			6.164018945628063			8.596583181208201			9.837730730312332			10.541250109152742	
	-0.5800000000000516			1.473439928406484			6.2246913615559585			8.602138172189642			9.817254542166532			10.509713221752524	
	-0.5700000000000518			1.6397429510230346			6.282845050504983			8.606457514512236			9.796232673995062			10.477951300767874	
	-0.560000000000052			1.8011223157839131			6.338537454686463			8.609571730928893			9.774680763713064			10.445970802584103	
	-0.5500000000000522			1.9576900988552195			6.391824729167412			8.61151075585965			9.752614039228385			10.413777986765226	
	-0.5400000000000524			2.1095558252533078			6.442761774109391			8.612303945850883			9.73004732504692			10.381378921968267	
	-0.5300000000000527			2.2568265269229943			6.491402266534774			8.611980089251098			9.70699504903617			10.34877949171933	
	-0.5200000000000529			2.399606799496569			6.537798691628417			8.610567415149868			9.68347124933517			10.315985400050547	
	-0.5100000000000531			2.537998857764613			6.58200237357811			8.608093601630493			9.659489581397759			10.283002176997542	
	-0.5000000000000533			2.6721025898892297			6.624063505952375			8.604585783390366			9.635063325155283			10.249835183957362	
	-0.4900000000000535			2.802015610389965			6.66403118160936			8.600070558785488			9.610205392284117			10.216489618907197	
	-0.4800000000000537			2.9278333119323925			6.701953422125621			8.5945739963575			9.584928333563049			10.18297052148461	
	-0.47000000000005393			3.049648915949204			6.737877206728825			8.588121640902491			9.559244346305112			10.149282777930193	
	-0.46000000000005414			3.167553522123571			6.771848500713853			8.5807385191412			9.53316528184863			10.115431125893913	
	-0.45000000000005436			3.281636156764506			6.803912283317528			8.572449145049731			9.506702653092104			10.081420159106656	
	-0.44000000000005457			3.391983820104116			6.8341125750234575			8.56327752490877			9.479867642057943			10.047254331918602	
	-0.4300000000000548			3.49868153254684			6.862492464265209			8.553247162127457			9.452671107470328			10.012937963706392	
	-0.420000000000055			3.601812379901			6.889094133493506			8.542381061895831			9.425123592332941			9.978475243151083	
	-0.4100000000000552			3.7014575576234723			6.913958884571299			8.530701735716795			9.397235331492919			9.943870232389145	
	-0.4000000000000554			3.7976964141085094			6.937127163459527			8.518231205865375			9.369016259177874			9.909126871038781	
	-0.39000000000005564			3.8906064930525144			6.958638584156217			8.504991009819408			9.340476016493641			9.874248980104033	
	-0.38000000000005585			3.9802635749266617			6.9785319518523306			8.491002204701843			9.311623958871			9.839240265759194	
	-0.37000000000005606			4.06674171759005			6.996845285269325			8.47628537177091			9.282469163450507			9.804104323016114	
	-0.3600000000000563			4.150113296076212			7.013615838145915			8.460860620990058			9.253020436395168			9.76884463927704	
	-0.3500000000000565			4.230449041586176			7.0288801198448585			8.444747595705461			9.223286320121652			9.733464597775733	
	-0.3400000000000567			4.307818079721452			7.042673915054706			8.427965477454531			9.193275100441408			9.69796748090953	
	-0.3300000000000569			4.382287967990083			7.055032302566271			8.410532990924862			9.162994813603822			9.66235647346513	
	-0.3200000000000571			4.453924732618713			7.065989673109026			8.39246840907887			9.13245325323443			9.626634665740891	
	-0.31000000000005734			4.522792904702936			7.075579746238562			8.373789558455638			9.101657977161816			9.59080505656834	
	-0.30000000000005755			4.588955555727189			7.083835586272569			8.354513824657746			9.070616314127612			9.55487055623568	
	-0.29000000000005777			4.652474332484127			7.090789617279384			8.334658158027501			9.039335370374758			9.518833989316024	
	-0.280000000000058			4.713409491421672			7.096473637129785			8.314239079513793			9.007822036109769			9.482698097403087	
	-0.2700000000000582			4.771819932443604			7.100918830629455			8.293272686727917			8.97608299183542			9.446465541756995	
	-0.2600000000000584			4.827763232187019			7.104155781755983			8.271774660184175			8.944124714550968			9.410138905862862	
	-0.2500000000000586			4.881295676796842			7.106214485030577			8.249760269718628			8.911953483817387			9.373720697904798	
	-0.24000000000005883			4.932472294213941			7.107124356060423			8.227244381077556			8.87957538768585			9.337213353157876	
	-0.23000000000005905			4.981346885989666			7.106914241293106			8.204241462665214			8.8469963284881			9.300619236300586	
	-0.22000000000005926			5.027972058635104			7.105612427029161			8.180765592439295			8.814222028487736			9.263940643650304	
	-0.21000000000005947			5.072399254509035			7.103246647742976			8.156830464941079			8.781258035392073			9.22717980532416	
	-0.20000000000005969			5.114678782243585			7.099844093765718			8.132449398446491			8.748109727724415			9.190338887327712	
	-0.1900000000000599			5.154859846701854			7.095431418386488			8.107635342223544			8.714782320057102			9.153419993573742	
	-0.1800000000000601			5.19299057845681			7.090034744429921			8.08240088388114			8.681280868105953			9.116425167833466	
	-0.17000000000006033			5.2291180627759495			7.083679670369449			8.056758256793968			8.647610273687041			9.079356395622314	
	-0.16000000000006054			5.263288368091693			7.076391276035791			8.030719347588137			8.613775289537035			9.042215606022538	
	-0.15000000000006075			5.295546573933139			7.068194127979963			8.004295703672268			8.579780523998513			9.005004673444663	
	-0.14000000000006096			5.325936798291009			7.059112284548826			7.977498540798923			8.545630445572012			8.96772541932985	
	-0.13000000000006118			5.354502224384349			7.0491693007296625			7.950338750641693			8.511329387336588			8.930379613795209	
	-0.12000000000006139			5.381285126794877			7.038388232817857			7.922826908373576			8.476881551240991			8.892968977223902	
	-0.1100000000000616			5.406326896932988			7.026791642959008			7.894973280232955			8.442291012267631			8.855495181802013	
	-0.10000000000006182			5.429668067798298			7.0144016036135834			7.866787831064007			8.407561722471637			8.817959853003924	
	-0.09000000000006203			5.451348337997372			7.001239701988602			7.838280231819017			8.37269751489742			8.780364571028	
	-0.08000000000006224			5.471406594981884			6.9873270444770235			7.8094598670108955			8.337702107375309			8.742710872184295	
	-0.07000000000006246			5.489880937472032			6.972684261141412			7.7803358421048525			8.302579106200788			8.705000250235916	
	-0.06000000000006267			5.506808697032312			6.9573315102743365			7.7509169908389595			8.267332009699015			8.667234157695676	
	-0.05000000000006288			5.5222264587702075			6.941288483063605			7.721211882464168			8.231964211677296			8.62941400707955	
	-0.040000000000063096			5.536170081132154			6.924574408386347			7.69122882889506			8.196479004768277			8.591541172118484	
	-0.03000000000006331			5.548674714776114			6.907208057751674			7.660975891763462			8.160879583666542			8.553616988929972	
	-0.020000000000063523			5.559774820505295			6.88920775040766			7.630460889367754			8.125169048261439			8.515642757150813	
	-0.010000000000063736			5.569504186253591			6.870591358624525			7.599691403511505			8.08935040666884			8.477619741032425	
	-6.394884621840902e-14			5.577895943119483			6.851376313162138			7.568674786225751			8.053426578164627			8.43954917050001	
	0.009999999999935838			5.584982580451788			6.83157960892664			7.537418166370006			8.017400396022607			8.401432242176812	
	0.019999999999935625			5.590795959997267			6.811217810817682			7.50592845610767			7.981274610259604			8.363270120374766	
	0.02999999999993541			5.595367329126757			6.790307059764963			7.474212357252229			7.9450518902904115			8.325063938052617	
	0.0399999999999352			5.59872733316314			6.768863078950034			7.442276367481215			7.908734827495238			8.286814797742755	
	0.049999999999934985			5.60090602684059			6.746901180207093			7.410126786415452			7.8723259377022945			8.248523772447758	
	0.05999999999993477			5.601932884930559			6.724436270594387			7.377769721561705			7.835827663588095			8.210191906507804	
	0.06999999999993456			5.601836812075275			6.701482859126102			7.345211094117298			7.7992423769979915			8.171820216439892	
	0.07999999999993435			5.600646151874459			6.678055063653172			7.3124566446357875			7.762572381189454			8.133409691749923	
	0.08999999999993413			5.598388695275057			6.654166617880197			7.2795119385531635			7.725819913000517			8.094961295718557	
	0.09999999999993392			5.595091688317284			6.629830878504697			7.246382371574505			7.688987144945774			8.056475966161752	
	0.1099999999999337			5.590781839293074			6.605060832464289			7.213073174921345			7.652076187242276			8.017954616166923	
	0.1199999999999335			5.585485325374863			6.579869104276783			7.179589420440346			7.615089089767574			7.979398134805498	
	0.12999999999993328			5.579227798773923			6.554267963457937			7.145936025574205			7.578027843952174			7.940807387822794	
	0.13999999999993307			5.572034392487813			6.528269332001571			7.11211775819598			7.540894384608533			7.902183218305874	
	0.14999999999993285			5.563929725696244			6.501884791906646			7.078139241308255			7.503690591698701			7.863526447330274	
	0.15999999999993264			5.554937908863613			6.475125592736282			7.0440049576088			7.466418292042709			7.82483787458626	
	0.16999999999993243			5.54508254860481			6.448002659193882			7.009719253924617			7.42907926096964			7.786118278985342	
	0.17999999999993221			5.5343867523687145			6.420526598702038			6.975286345516324			7.391675223913349			7.747368419247742	
	0.189999999999932			5.522873132990943			6.392707708970402			6.940710320255118			7.354207857954718			7.70858903447146	
	0.1999999999999318			5.510563813164385			6.364555985539299			6.905995142674598			7.3166787933122635			7.669780844683565	
	0.20999999999993157			5.4974804298723114			6.336081129286546			6.8711446578998245			7.279089614782853			7.630944551374352	
	0.21999999999993136			5.483644138825218			6.307292553885604			6.836162595456193			7.241441863134279			7.59208083801491	
	0.22999999999993115			5.469075618938382			6.278199393204018			6.801052572960634			7.2037370364513205			7.553190370558713	
	0.23999999999993094			5.45379507688294			6.248810508631735			6.76581809969783			7.165976591436925			7.514273797927743	
	0.24999999999993072			5.437822251739195			6.2191344963298505			6.730462580084115			7.128161944670051			7.475331752483703	
	0.2599999999999305			5.4211764197764065			6.189179694390933			6.6949893170217685			7.090294473821695			7.436364850484791	
	0.2699999999999303			5.403876399379373			6.158954189902971			6.659401515146495			7.0523755188305355			7.39737369252857	
	0.2799999999999301			5.385940556137875			6.128465825909744			6.623702283970795			7.014406383039653			7.3583588639813495	
	0.28999999999992987			5.367386808111265			6.097722208261123			6.587894640926006			6.976388334295612			7.31932093539459	
	0.29999999999992966			5.348232631276709			6.066730712347589			6.551981514305789			6.938322606011292			7.280260462908714	
	0.30999999999992944			5.328495065166214			6.035498489713925			6.515965746113761			6.900210398193709			7.241177988644788	
	0.31999999999992923			5.3081907186942505			6.004032474547749			6.47985009481803			6.862052878438037			7.202074041084462	
	0.329999999999929			5.287335776174915			5.9723393900391795			6.44363723801529			6.823851182889058			7.162949135438531	
	0.3399999999999288			5.265946003524933			5.940425754608519			6.407329775007174			6.785606417171133			7.123803774004571	
	0.3499999999999286			5.2440367546463555			5.908297887999492			6.3709302292914565			6.747319657287846			7.084638446513917	
	0.3599999999999284			5.221622977980832			5.87596191723603			6.334441050970712			6.708991950492345			7.045453630468421	
	0.36999999999992816			5.198719223225481			5.843423782441157			6.297864619080952			6.6706243161294445			7.006249791467248	
	0.37999999999992795			5.175339648198943			5.810689242517			6.261203243842743			6.632217746450433			6.967027383524112	
	0.38999999999992774			5.151498025844877			5.777763880685377			6.224459168837255			6.5937732074016			6.927786849375208	
	0.3999999999999275			5.127207751359306			5.744653109888814			6.1876345731096105			6.555291639387345			6.888528620778155	
	0.4099999999999273			5.102481849427329			5.711362178052227			6.150731573201892			6.516773958008798			6.849253118802281	
	0.4199999999999271			5.07733298155437			5.677896173205857			6.113752225118075			6.478221054778784			6.809960754110456	
	0.4299999999999269			5.0517734534766365			5.644260028470315			6.0766985262231366			6.439633797813972			6.770651927232835	
	0.43999999999992667			5.0258152226355115			5.610458526904905			6.039572417078482			6.401013032504988			6.731327028832684	
	0.44999999999992646			4.999469905700511			5.576496306220633			6.002375783215822			6.362359582165277			6.691986439964598	
	0.45999999999992625			4.972748786125699			5.542377863359562			5.96511045685156			6.323674248659424			6.652630532325356	
	0.46999999999992603			4.945662821724708			5.508107558942289			5.92777821854369			6.284957813011694			6.613259668497598	
	0.4799999999999258			4.918222652250023			5.4736896215856135			5.89038079879311			6.246211035995401			6.573874202186605	
	0.4899999999999256			4.890438606962595			5.439128152092513			5.852919879591321			6.207434658703866			6.534474478450377	
	0.4999999999999254			4.862320712178558			5.404427127516723			5.815397095916252			6.168629403103491			6.49506083392321	
	0.5099999999999252			4.83387869878039			5.369590405104367			5.777814037178047			6.129795972569662			6.455633597032989	
	0.519999999999925			4.8051220096806055			5.334621726115058			5.740172248616513			6.090935052406			6.4161930882124025	
	0.5299999999999248			4.776059807226822			5.29952471952512			5.702473232651904			6.052047310347584			6.376739620104249	
	0.5399999999999245			4.74670098053779			5.264302905615503			5.664718450190652			6.0131333970486			6.337273497761018	
	0.5499999999999243			4.717054152760717			5.2289596994471434			5.626909321887592			5.974193946555113			6.2977950188389435	
	0.5599999999999241			4.687127688241096			5.193498414226417			5.589047229366237			5.935229576763291			6.258304473786678	
	0.5699999999999239			4.65692969959693			5.157922264563487			5.551133516398524			5.89624088986367			6.21880214602877	
	0.5799999999999237			4.626468054690072			5.122234369626273			5.51316949004546			5.85722847277192			6.179288312144081	
	0.5899999999999235			4.595750383488154			5.086437756192808			5.475156421760028			5.818192897546558			6.139763242039331	
	0.5999999999999233			4.564784084811263			5.050535361604741			5.437095548453705			5.779134721794042			6.1002271991178745	
	0.609999999999923			4.533576332958292			5.01453003662472			5.398988073527805			5.740054489061684			6.060680440443896	
	0.6199999999999228			4.502134084208556			4.97842454820039			5.360835167870958			5.700952729218761			6.021123216902138	
	0.6299999999999226			4.470464083194862			4.942221582137682			5.322637970823829			5.6618299588262655			5.981555773353293	
	0.6399999999999224			4.43857286914494			4.90592374568608			5.284397591112306			5.622686681495617			5.941978348785211	
	0.6499999999999222			4.406466781988611			4.869533570038472			5.246115107750205			5.583523388236749			5.902391176460021	
	0.659999999999922			4.3741519683287			4.8330535127481955			5.207791570912587			5.544340557795868			5.862794484057305	
	0.6699999999999218			4.341634387274192			4.796485960065796			5.169428002780711			5.505138656983307			5.82318849381344	
	0.6799999999999216			4.308919816134567			4.759833229198028			5.1310253983596255			5.465918140991695			5.783573422657209	
	0.6899999999999213			4.276013855974767			4.723097570491506			5.092584726269347			5.426679453704843			5.743949482341813	
	0.6999999999999211			4.242921937030582			4.686281169543447			5.054106929510548			5.387423027997606			5.704316879573357	
	0.7099999999999209			4.209649323984667			4.649386149241812			5.015592926205661			5.348149286027036			5.664675816135947	
	0.7199999999999207			4.176201121103725			4.612414571737142			4.97704361031624			5.3088586395150905			5.625026489013479	
	0.7299999999999205			4.142582277237709			4.575368440348354			4.938459852337427			5.269551490023172			5.585369090508205	
	0.7399999999999203			4.108797590682165			4.538249701404624			4.8998424999702905			5.230228229218778			5.545703808356203	
	0.7499999999999201			4.074851713905115			4.5010602460255065			4.861192378772843			5.19088923913448			5.506030825839799	
	0.7599999999999199			4.040749158140084			4.46380191184136			4.822510292790456			5.151534892419532			5.466350321897057	
	0.7699999999999196			4.006494297847079			4.42647648465606			4.78379702516639			5.112165552584273			5.42666247122842	
	0.7799999999999194			3.9720913750435205			4.389085700053984			4.745053338733115			5.0727815742376094			5.386967444400561	
	0.7899999999999192			3.9375445035072776			4.351631244953108			4.706279976585131			5.033383303317766			5.347265407947548	
	0.799999999999919			3.9028576728540596			4.3141147591061095			4.667477662633868			4.993971077316534			5.307556524469383	
	0.8099999999999188			3.868034752491571			4.276537836551238			4.62864710214531			4.954545225497199			5.267840952728	
	0.8199999999999186			3.8330794954529335			4.238902027014646			4.589788982260954			4.91510606910637			5.2281188477407685	
	0.8299999999999184			3.797995542111922			4.201208837265911			4.550903972502626			4.875653921579881			5.188390360871649	
	0.8399999999999181			3.762786423782625			4.163459732428333			4.511992725261765			4.836189088742966			5.148655639919921	
	0.8499999999999179			3.7274555662062827			4.1256561372455725			4.473055876273653			4.796711869004861			5.108914829206716	
	0.8599999999999177			3.69200629292793			4.087799437306181			4.434094045077126			4.757222553548036			5.069168069659302	
	0.8699999999999175			3.6564418285656455			4.049890980227444			4.395107835460275			4.717721426512192			5.029415498893224	
	0.8799999999999173			3.6207653019751547			4.011932076799994			4.356097835892559			4.678208765173197			4.989657251292371	
	0.8899999999999171			3.5849797493125095			3.973924002094556			4.317064619943848			4.638684840117117			4.949893458086983	
	0.8999999999999169			3.549088116997659			3.9358679965321315			4.278008746690807			4.599149915409495			4.9101242474297	
	0.9099999999999167			3.5130932645816095			3.8977652669189293			4.238930761111025			4.559604248759987			4.870349744469701	
	0.9199999999999164			3.4769979675198943			3.85961698744725			4.199831194465343			4.52004809168257			4.8305700714249316	
	0.9299999999999162			3.4408049198551076			3.821424300663555			4.160710564668747			4.480481689651352			4.790785347652552	
	0.939999999999916			3.4045167368111056			3.783188318404834			4.121569376650198			4.440905282252222			4.750995689717605	
	0.9499999999999158			3.3681359573015275			3.744910122704395			4.082408122701798			4.401319103330373			4.7112012114599455	
	0.9599999999999156			3.33166504635526			3.7065907666681692			4.043227282817609			4.361723381133887			4.671402024059507	
	0.9699999999999154			3.2951063974613533			3.6682312753225492			4.004027325022488			4.322118338453462			4.6315982360999435	
	0.9799999999999152			3.2584623348359063			3.629832646434723			3.9648087056912598			4.282504192758402			4.591789953630672	
	0.989999999999915			3.221735115613372			3.59139585130656			3.9255718698585333			4.242881156328993			4.55197728022736	
	0.9999999999999147			3.1849269319647036			3.5529218355428682			3.8863172515194897			4.203249436385358			4.512160317050959	
	1.0099999999999145			3.148039913144654			3.514411519794992			3.8470452739219088			4.163609235212883			4.472339162905197	
	1.0199999999999143			3.111076127470554			3.475865800480584			3.807756349849736			4.123960750284352			4.432513914292715	
	1.029999999999914			3.0740375842347927			3.437285550480384			3.7684508818984614			4.08430417437884			4.39268466546978	
	1.0399999999999139			3.036926235553201			3.398671619812813			3.7291292627425516			4.044639695697491			4.352851508499652	
	1.0499999999999137			2.999743978151427			3.360024836287142			3.6897918753952332			4.004967497976262			4.313014533304642	
	1.0599999999999135			2.9624926550914203			3.321346006136			3.650439093460818			3.9652877605957			4.2731738277168905	
	1.0699999999999132			2.92517405744			3.2826359146279174			3.6110712813798713			3.925600658687877			4.233329477527883	
	1.079999999999913			2.8877899258814725			3.2438953266605974			3.5716887946673666			3.8859063632405206			4.1934815665367715	
	1.0899999999999128			2.850341952276228			3.2051249873356102			3.532291980144139			3.846205041198461			4.153630176597494	
	1.0999999999999126			2.8128317811670875			3.1663256225151066			3.4928811761617826			3.8064968555624343			4.113775387664758	
	1.1099999999999124			2.775261011235269			3.127497939361202			3.4534567128212323			3.766781965485322			4.073917277838891	
	1.1199999999999122			2.737631196707655			3.088642626858613			3.4140189121851954			3.727060526365948			4.034055923409589	
	1.129999999999912			2.6999438487170497			3.049760356321128			3.374568088484672			3.687332689940419			3.9941913988986215	
	1.1399999999999118			2.662200436617052			3.0108517818824474			3.3351045483197037			3.6475986043711455			3.954323777101486	
	1.1499999999999115			2.6244023892531434			2.9719175409719494			3.2956285908545357			3.6078584143335792			3.9144531291280362	
	1.1599999999999113			2.5865510961914655			2.932958254775876			3.2561405080074106			3.568112261100717			3.874579524442165	
	1.1699999999999111			2.548647908906794			2.8939745286844474			3.2166405846350745			3.5283602826254796			3.8347030309004655	
	1.179999999999911			2.510694141931136			2.854966952725361			3.1771290987122462			3.48860261362098			3.7948237147900254	
	1.1899999999999107			2.4726910739643024			2.8159361019841533			3.1376063215061425			3.448839385638733			3.7549416408652547	
	1.1999999999999105			2.434639948947803			2.7768825370118666			3.09807251774623			3.4090707271449165			3.715056872383851	
	1.2099999999999103			2.3965419771033485			2.7378068042204387			3.058527945789349			3.3692967635946918			3.6751694711418903	
	1.21999999999991			2.358398335937194			2.6987094362661956			3.0189728577803514			3.329517617504637			3.6352794975080727	
	1.2299999999999098			2.320210171211519			2.6595909524219383			2.9794074998083797			3.289733408523375			3.595387010457152	
	1.2399999999999096			2.2819785978840255			2.6204518589378765			2.9398321120589177			3.2499442535004093			3.5554920676025503	
	1.2499999999999094			2.2437047010168154			2.581292649391873			2.900246928961751			3.2101502665532458			3.5155947252281923	
	1.2599999999999092			2.2053895366556837			2.5421138050293273			2.8606521793349433			3.1703515591328237			3.4756950383195946	
	1.269999999999909			2.1670341326808433			2.502915795093017			2.821048086524952			3.130548240087318			3.4357930605941895	
	1.2799999999999088			2.128639489630059			2.463699077143241			2.781434868543011			3.090740415724344			3.395888844530914	
	1.2899999999999086			2.090206581495199			2.4244640973686042			2.7418127381978614			3.050928189871632			3.3559824413991475	
	1.2999999999999083			2.051736356493093			2.3852112908877032			2.702181903224968			3.0111116639361466			3.316073901286881	
	1.3099999999999081			2.013229737811633			2.3459410820420583			2.662542566412295			2.971290936961804			3.276163273128285	
	1.319999999999908			1.9746876243319598			2.306653884680525			2.622894925722777			2.9314661056857005			3.236250604730566	
	1.3299999999999077			1.9361108913275729			2.2673501024355147			2.583239174413535			2.891637264592992			3.196335942800218	
	1.3399999999999075			1.8975003911411683			2.2280301289912234			2.5435755011519863			2.8518045059703923			3.156419332968637	
	1.3499999999999073			1.8588569538399895			2.1886943483442014			2.50390409012887			2.8119679199583576			3.116500819817146	
	1.359999999999907			1.8201813878504174			2.149343135056432			2.464225121168358			2.772127594602006			3.0765804469013815	
	1.3699999999999068			1.7814744805725473			2.1099768545012196			2.424538769835248			2.732283615900764			3.036658256775153	
	1.3799999999999066			1.7427369989754107			2.070595863102067			2.3848452075394118			2.692436067856791			2.9967342910137127	
	1.3899999999999064			1.7039696901735537			2.0312005085648046			2.345144601637484			2.6525850325222393			2.956808590236454	
	1.3999999999999062			1.665173281985573			1.9917911301031506			2.3054371155319497			2.6127305900453486			2.9168811941291377	
	1.409999999999906			1.6263484834752546			1.952368058657937			2.2657229087676445			2.572872818715398			2.876952141465498	
	1.4199999999999058			1.5874959854759139			1.912931617110167			2.2260021371258034			2.533011795006596			2.8370214701284393	
	1.4299999999999056			1.5486164610985016			1.8734821204881333			2.1862749527156318			2.4931475936208667			2.797089217130674	
	1.4399999999999054			1.5097105662240287			1.8340198761687514			2.14654150406359			2.453280287529614			2.7571554186348504	
	1.4499999999999051			1.4707789399808622			1.7945451840732964			2.1068019362003376			2.4134099480144684			2.7172201099732938	
	1.459999999999905			1.4318222052073954			1.7550583368577302			2.0670563907454884			2.3735366447070394			2.67728332566719	
	1.4699999999999047			1.3928409689005745			1.715559620097757			2.0273050059901863			2.333660445627727			2.637345099445376	
	1.4799999999999045			1.3538358226507903			1.6760493124688			1.98754791697759			2.2937814172235527			2.597405464262671	
	1.4899999999999043			1.314807343063574			1.636527685921017			1.9477852555813033			2.2538996244051166			2.557464452317774	
	1.499999999999904			1.2757560921685478			1.5969950058495606			1.9080171505818315			2.214015130582645			2.51752209507074	
	1.5099999999999039			1.2366826178160464			1.5574515312601491			1.8682437277410893			2.1741279977011523			2.477578423260052	
	1.5199999999999037			1.1975874540618472			1.5178975149301772			1.8284651098750313			2.134238286274819			2.4376334669193014	
	1.5299999999999034			1.1584711215403871			1.4783332035654269			1.7886814169244714			2.094346055420438			2.3976872553934605	
	1.5399999999999032			1.1193341278268356			1.4387588379525509			1.7488927660240945			2.054451362890166			2.3577398173547675	
	1.549999999999903			1.0801769677884314			1.3991746531074547			1.7090992715697437			2.014554265103424			2.317791180818272	
	1.5599999999999028			1.0410001239254045			1.359580878419668			1.669301045284043			1.9746548171780445			2.2778413731570115	
	1.5699999999999026			1.0018040667018466			1.3199777377928585			1.62949819628035			1.9347530729606905			2.237890421116779	
	1.5799999999999024			0.9625892548668356			1.280365449781594			1.5896908311251279			1.8948490850565252			2.197938350830608	
	1.5899999999999022			0.9233561357661637			1.2407442277244405			1.549879053898775			1.8549429048581922			2.157985187832919	
	1.599999999999902			0.8841051456449609			1.201114279873539			1.5100629662549077			1.8150345825740875			2.1180309570732856	
	1.6099999999999017			0.844836709941494			1.161475809520736			1.4702426674782085			1.7751241672559628			2.078075682929928	
	1.6199999999999015			0.8055512435724674			1.121829015120376			1.4304182545408244			1.7352117068258774			2.038119389222837	
	1.6299999999999013			0.7662491512100509			1.0821740904088628			1.3905898221573567			1.6952972481025084			1.9981620992267	
	1.639999999999901			0.7269308275509427			1.0425112245210757			1.3507574628385282			1.6553808368268257			1.958203835683383	
	1.6499999999999009			0.6875966575776973			1.0028406021037197			1.3109212669434882			1.6154625176871642			1.9182446208142325	
	1.6599999999999007			0.6482470168125767			0.9631624034257147			1.2710813227308622			1.5755423343437052			1.8782844763320519	
	1.6699999999999			0.6088822715641626			0.9234768044857073			1.2312377164085113			1.5356203294523478			1.8383234234527626	
	1.6799999999999			0.569502779166946			0.8837839771167753			1.1913905321821225			1.4956965446880846			1.7983614829068824	
	1.6899999999999			0.5301088882141443			0.8440840890884171			1.151539852302542			1.4557710207677221			1.7583986749506693	
	1.6999999999999			0.4907009387839292			0.8043773042058886			1.1116857571120207			1.4158437974721787			1.718435019377024	
	1.7099999999999			0.45127926265928675			0.7646637824069824			1.0718283250892613			1.3759149136681472			1.678470535526106	
	1.7199999999998994			0.4118441835417146			0.7249436798563034			1.031967632893429			1.3359844073293266			1.6385052422957864	
	1.7299999999998992			0.3723960172589331			0.6852171490371202			0.9921037554070464			1.296052315557099			1.598539158151807	
	1.739999999999899			0.3329350719668094			0.6454843388408511			0.9522367657778616			1.2561186746007769			1.5585723011376524	
	1.7499999999998987			0.2934616483456649			0.6057453946542726			0.9123667354596972			1.2161835198772915			1.5186046888842908	
	1.7599999999998985			0.2539760397911488			0.566000458444484			0.8724937342523091			1.1762468859905102			1.4786363386196753	
	1.7699999999998983			0.21447853259982885			0.5262496688417073			0.8326178303402809			1.1363088067500353			1.4386672671778928	
	1.779999999999898			0.17496940614968626			0.4864931612199843			0.7927390903309721			1.096369315189559			1.3986974910083063	
	1.789999999999898			0.13544893307563566			0.44673106777581495			0.7528575792915548			1.056428443584859			1.358727026184357	
	1.7999999999998977			0.09591737944026058			0.4069635176048205			0.7129733607851465			1.016486223471265			1.3187558884121362	
	1.8099999999998975			0.056375004899876124			0.36719063677644037			0.6730864969060928			0.9765426856608102			1.2787840930388814	
	1.8199999999998973			0.016822062866076237			0.3274125484067625			0.6331970483143685			0.9365978602589324			1.2388116550611743	
	1.829999999999897			-0.022741199337099616			0.2876293727295183			0.5933050742691854			0.8966517766807884			1.1988385891329667	
	1.8399999999998968			-0.06231454032025141			0.24784122716528234			0.553410632661766			0.8567044636671834			1.1588649095734622	
	1.8499999999998966			-0.10189772447982737			0.20804822638894738			0.5135137800473517			0.8167559493001528			1.118890630374798	
	1.8599999999998964			-0.1414905218533402			0.16825048239548668			0.4736145716764195			0.7768062610181712			1.0789157652094925	
	1.8699999999998962			-0.18109270797845678			0.1284481045641055			0.4337130615251823			0.7368554256309574			1.0389403274378122	
	1.879999999999896			-0.22070406375587037			0.08864119972076612			0.39380930232532485			0.6969034693340097			0.998964330114938	
	1.8899999999998958			-0.2603243753158093			0.04882987219915691			0.353903345593058			0.6569504177227579			0.9589877859978895	
	1.8999999999998956			-0.29995343388811957			0.009014223900160268			0.31399524165746495			0.6169962958063842			0.919010707552423	
	1.9099999999998953			-0.33959103567577476			-0.030805645650174185			0.2740850396881864			0.5770411280213388			0.8790331069597004	
	1.9199999999998951			-0.37923698173174625			-0.07062963924407129			0.23417278772241534			0.5370849382445364			0.8390549961227078	
	1.929999999999895			-0.4188910778391133			-0.11045766193690376			0.1942585326912667			0.49712774980622854			0.7990763866727733	
	1.9399999999998947			-0.4585531343943323			-0.15028962099338905			0.15434232044555518			0.4571695855025846			0.7590972899756618	
	1.9499999999998945			-0.4982229662935671			-0.19012542583515124			0.11442419578089424			0.41721046760800995			0.7191177171377179	
	1.9599999999998943			-0.5379003928220021			-0.22996498798952825			0.07450420246224532			0.37725041788712943			0.67913767901182	
	1.969999999999894			-0.5775852375460371			-0.2698082210396935			0.034582383247867554			0.3372894576065413			0.6391571862031196	
	1.9799999999998938			-0.6172773282082993			-0.30965504057594906			-0.005341220087283105			0.29732760754622767			0.5991762490747101	
	1.9899999999998936			-0.6569764966253784			-0.3495053641482526			-0.04526656672872331			0.25736488801079194			0.5591948777532592	
	1.9999999999998934			-0.6966825785882147			-0.3893591112198713			-0.08519361680017568			0.2174013188403343			0.5192130821342955	
	2.009999999999893			-0.7363954137650683			-0.4292162031222073			-0.12512233134176043			0.1774369194211971			0.4792308718875873	
	2.019999999999893			-0.7761148456069789			-0.4690765630106837			-0.16505267228876708			0.13747170869631997			0.4392482564622844	
	2.029999999999893			-0.8158407212556789			-0.5089401158217361			-0.20498460245089678			0.09750570517547885			0.399265245091879	
	2.0399999999998926			-0.8555728914538543			-0.5488067882308414			-0.24491808549200833			0.057538926945222			0.35928184679927533	
	2.0499999999998924			-0.895311210457713			-0.5886765086115595			-0.28485308591032865			0.01757139167855737			0.3192980704015511	
	2.059999999999892			-0.935055535951796			-0.6285492069955803			-0.3247895690191127			-0.022396883355506603			0.2793139245145495	
	2.069999999999892			-0.9748057289659444			-0.6684248150337249			-0.3647275009278266			-0.062365881282703484			0.23932941755771875	
	2.0799999999998917			-1.0145616537944022			-0.7083032659579072			-0.40466684852366974			-0.10233558561445033			0.19934455775836568	
	2.0899999999998915			-1.0543231779169533			-0.748184494544005			-0.4446075794536384			-0.14230598023901297			0.15935935315616323	
	2.0999999999998913			-1.0940901719220744			-0.7880684370756184			-0.48454966210691985			-0.1822770494128525			0.11937381160743499	
	2.109999999999891			-1.1338625094320278			-0.8279550313087336			-0.5244930655977624			-0.2222487777521458			0.07938794078929146	
	2.119999999999891			-1.1736400670298393			-0.867844216437196			-0.564437759748726			-0.2622211502245744			0.03940174820383646	
	2.1299999999998906			-1.2134227241881215			-0.9077359330590493			-0.6043837150742739			-0.30219415214125167			-0.0005847588179959118	
	2.1399999999998904			-1.2532103631996945			-0.9476301231436484			-0.6443309027648887			-0.3421677691488707			-0.0405715731123939	
	2.14999999999989			-1.2930028691099293			-0.9875267299996153			-0.6842792946713665			-0.38214198722193427			-0.08055868767890662	
	2.15999999999989			-1.3328001296508099			-1.027425698243495			-0.7242288632896665			-0.4221167926553626			-0.12054609567668884	
	2.16999999999989			-1.372602035176623			-1.0673269737692186			-0.76417958174597			-0.46209217205705233			-0.16053379042092342	
	2.1799999999998896			-1.4124084786012698			-1.1072305037182666			-0.8041314237821746			-0.5020681123407167			-0.20052176537916822	
	2.1899999999998894			-1.4522193553371263			-1.1471362364505557			-0.8440843637416773			-0.5420446007189597			-0.2405100141679135	
	2.199999999999889			-1.4920345632354381			-1.1870441215160143			-0.8840383765555604			-0.5820216246963117			-0.28049853054921847	
	2.209999999999889			-1.5318540025281857			-1.2269541096268437			-0.9239934377289822			-0.6219991720626412			-0.3204873084272801	
	2.2199999999998887			-1.5716775757713837			-1.266866152630448			-0.9639495233280115			-0.6619772308865635			-0.3604763418453336	
	2.2299999999998885			-1.6115051877898052			-1.3067802034829663			-1.003906609966661			-0.7019557895091086			-0.4004656249824041	
	2.2399999999998883			-1.651336745623059			-1.346696216223494			-1.0438646747943405			-0.741934836537383			-0.44045515215019915	
	2.249999999999888			-1.6911721584729866			-1.3866141459488794			-1.0838236954834546			-0.7819143608386216			-0.4804449177899901	
	2.259999999999888			-1.731011337652367			-1.4265339487891229			-1.1237836502173977			-0.8218943515341177			-0.5204349164698447	
	2.2699999999998877			-1.7708541965348967			-1.4664555818833493			-1.1637445176788468			-0.8618747979934982			-0.5604251428817317	
	2.2799999999998875			-1.8107006505063516			-1.506379003356403			-1.2037062770381945			-0.9018556898289409			-0.6004155918383729	
	2.2899999999998872			-1.850550616917011			-1.5463041722959083			-1.2436689079424044			-0.9418370168897061			-0.6404062582709269	
	2.299999999999887			-1.8904040150351777			-1.5862310487299647			-1.2836323905039988			-0.9818187692566998			-0.6803971372260094	
	2.309999999999887			-1.9302607660018918			-1.6261595936052924			-1.3235967052904076			-1.0218009372371517			-0.7203882238630053	
	2.3199999999998866			-1.9701207927867026			-1.6660897687659544			-1.3635618333134891			-1.0617835113594039			-0.7603795134518174	
	2.3299999999998864			-2.009984020144571			-1.7060215369325231			-1.4035277560193071			-1.101766482367979			-0.8003710013700651	
	2.339999999999886			-2.0498503745737526			-1.7459548616818052			-1.4434944552781843			-1.1417498412185427			-0.8403626831006097	
	2.349999999999886			-2.0897197842747697			-1.7858897074269828			-1.4834619133749651			-1.181733579072997			-0.8803545542293785	
	2.3599999999998857			-2.129592179110343			-1.8258260393982484			-1.5234301129994474			-1.2217176872949906			-0.9203466104427562	
	2.3699999999998855			-2.169467490566302			-1.8657638236239187			-1.5633990372371365			-1.2617021574450593			-0.9603388475256036	
	2.3799999999998853			-2.209345651713433			-1.9057030269119162			-1.6033686695601457			-1.3016869812763465			-1.000331261358716	
	2.389999999999885			-2.2492265971702756			-1.9456436168318065			-1.6433389938183112			-1.34167215073			-1.040323847916719	
	2.399999999999885			-2.2891102630667923			-1.9855855616971345			-1.6833099942305738			-1.3816576579310498			-1.0803166032659792	
	2.4099999999998847			-2.3289965870089073			-2.025528830548236			-1.7232816553764287			-1.421643495184079			-1.1203095235624785	
	2.4199999999998845			-2.3688855080439506			-2.0654733931354783			-1.7632539621877559			-1.4616296549692018			-1.1603026050498766	
	2.4299999999998843			-2.408776966626853			-2.105419219902816			-1.8032268999406398			-1.5016161299379398			-1.200295844057373	
	2.439999999999884			-2.448670904587233			-2.145366281971808			-1.8432004542475742			-1.5416029129095499			-1.240289236997695	
	2.449999999999884			-2.4885672650972186			-2.185314551125976			-1.8831746110496592			-1.5815899968668292			-1.2802827803653871	
	2.4599999999998836			-2.5284659926400668			-2.2252639997954997			-1.9231493566091231			-1.6215773749527518			-1.3202764707348962	
	2.4699999999998834			-2.568367032979534			-2.2652146010423286			-1.9631246775019928			-1.661565040466555			-1.360270304758643	
	2.479999999999883			-2.60827033312995			-2.305166328545601			-2.0031005606107968			-1.7015529868602872			-1.4002642791653752	
	2.489999999999883			-2.6481758413270593			-2.345119156587429			-2.0430769931176718			-1.7415412077352235			-1.440258390758176	
	2.4999999999998828			-2.6880835069995244			-2.3850730600389554			-2.0830539624973903			-1.7815296968385566			-1.4802526364132254	
	2.5099999999998825			-2.7279932807410843			-2.4250280143468634			-2.1230314565107573			-1.8215184480600861			-1.520247013077694	
	2.5199999999998823			-2.7679051142834465			-2.4649839955200186			-2.1630094631979344			-1.861507455428833			-1.5602415177683566	
	2.529999999999882			-2.807818960469766			-2.5049409801166234			-2.20298797087218			-1.9014967131099922			-1.600236147569957	
	2.539999999999882			-2.8477347732287623			-2.5448989452314654			-2.242966968113547			-1.941486215401655			-1.6402308996335302	
	2.5499999999998817			-2.88765250754948			-2.584857868483667			-2.28294644376267			-1.981475956731983			-1.6802257711751505	
	2.5599999999998815			-2.9275721194566233			-2.6248177280045577			-2.3229263869150305			-2.021465931656151			-1.7202207594741763	
	2.5699999999998813			-2.967493565986481			-2.664778502425883			-2.3629067869148703			-2.0614561348533433			-1.7602158618721262	
	2.579999999999881			-3.0074168051634182			-2.7047401708683614			-2.4028876333496525			-2.1014465611241513			-1.8002110757708545	
	2.589999999999881			-3.047341795976952			-2.744702712930348			-2.442868916044512			-2.141437205387549			-1.840206398631608	
	2.5999999999998806			-3.0872684983593124			-2.784666108676939			-2.4828506250567264			-2.181428062678368			-1.8802018279732158	
	2.6099999999998804			-3.127196873163613			-2.824630338629183			-2.522832750670399			-2.2214191281446216			-1.920197361371173	
	2.61999999999988			-3.167126882142447			-2.8645953837536267			-2.562815283391442			-2.261410397044845			-1.9601929964561373	
	2.62999999999988			-3.2070584879270583			-2.904561225452106			-2.6027982139422496			-2.3014018647456336			-2.00018873091298	
	2.6399999999998798			-3.246991654006992			-2.9445278455516806			-2.6427815332569944			-2.3413935267192483			-2.040184562478794	
	2.6499999999998796			-3.286926344710175			-2.984495226294934			-2.68276523247656			-2.3813853785409913			-2.0801804889427107	
	2.6599999999998793			-3.3268625251835413			-3.0244633503304037			-2.722749302944016			-2.4213774158871906			-2.1201765081438744	
	2.669999999999879			-3.366800161374046			-3.064432200703259			-2.7627337361998845			-2.461369634532466			-2.1601726179708636	
	2.679999999999879			-3.4067392200101687			-3.1044017608461925			-2.802718523977564			-2.5013620303478716			-2.200168816360244	
	2.6899999999998787			-3.4466796685838457			-3.144372014570544			-2.842703658199163			-2.541354599298547			-2.2401651012954216	
	2.6999999999998785			-3.486621475332771			-3.184342946057633			-2.882689130970869			-2.5813473374414313			-2.2801614708061835	
	2.7099999999998783			-3.5265646092232283			-3.22431453985023			-2.9226749345790197			-2.6213402409234274			-2.320157922966751	
	2.719999999999878			-3.5665090399332113			-3.264286780844246			-2.96266106148583			-2.6613333059793276			-2.360154455895188	
	2.729999999999878			-3.6064547378359784			-3.3042596542807154			-3.002647504325333			-2.7013265289293473			-2.40015106775291	
	2.7399999999998776			-3.646401673984027			-3.3442331457378067			-3.042634255899657			-2.7413199061780276			-2.4401477567424683	
	2.7499999999998774			-3.6863498200934055			-3.384207241123177			-3.082621309175025			-2.7813134342113637			-2.4801445211081496	
	2.759999999999877			-3.726299148528383			-3.4241819266662823			-3.122608657277997			-2.8213071095956876			-2.5201413591335484	
	2.769999999999877			-3.7662496322865153			-3.4641571889111713			-3.162596293491906			-2.8613009289755404			-2.5601382691416843	
	2.779999999999877			-3.806201244984038			-3.504133014709137			-3.2025842112532055			-2.901294889071771			-2.6001352494936407	
	2.7899999999998766			-3.8461539608415998			-3.544109391211769			-3.242572404148011			-2.941288986679994			-2.640132298587983	
	2.7999999999998764			-3.886107754670315			-3.584086305864031			-3.2825608659086125			-2.981283218668922			-2.680129414859541	
	2.809999999999876			-3.926062601858186			-3.6240637463975163			-3.322549590410246			-3.0212775819784583			-2.7201265967791284	
	2.819999999999876			-3.9660184783567987			-3.664041700823978			-3.362538571667763			-3.0612720736182757			-2.7601238428517796	
	2.8299999999998757			-4.005975360668342			-3.704020157428819			-3.402527803832478			-3.1012666906662387			-2.800121151617099	
	2.8399999999998755			-4.045933225832932			-3.743999104764855			-3.442517281188931			-3.1412614302665194			-2.840118521647816	
	2.8499999999998753			-4.0858920514162405			-3.7839785316462216			-3.4825069981520524			-3.181256289628695			-2.8801159515490515	
	2.859999999999875			-4.125851815497378			-3.823958427142382			-3.522496949264012			-3.2212512660257326			-2.9201134399577464	
	2.869999999999875			-4.165812496657096			-3.863938780572206			-3.5624871291914117			-3.2612463567924923			-2.9601109855419754	
	2.8799999999998747			-4.205774073966268			-3.903919581498415			-3.6024775327224785			-3.3012415593250286			-3.0001085869999398	
	2.8899999999998744			-4.245736526974561			-3.943900819721886			-3.642468154764031			-3.3412368710782685			-3.040106243059647	
	2.8999999999998742			-4.285699835699507			-3.9838824852762373			-3.682458990339141			-3.381232289565319			-3.0801039524780607	
	2.909999999999874			-4.325663980615664			-4.023864568422459			-3.722450034584307			-3.421227812355914			-3.120101714040428	
	2.919999999999874			-4.365628942644198			-4.06384705964383			-3.762441282746798			-3.461223437075015			-3.160099526559468	
	2.9299999999998736			-4.405594703142532			-4.1038299496406925			-3.8024327301821654			-3.5012191614020316			-3.200097388875143	
	2.9399999999998734			-4.445561243894425			-4.143813229325627			-3.8424243723518745			-3.5412149830686257			-3.2400952998539796	
	2.949999999999873			-4.485528547100089			-4.183796889818499			-3.882416204820774			-3.5812108998587013			-3.2800932583878253	
	2.959999999999873			-4.525496595366674			-4.223780922441679			-3.9224082232548763			-3.6212069096064297			-3.3200912633943633	
	2.9699999999998727			-4.565465371698936			-4.263765318715608			-3.962400423418774			-3.6612030101951567			-3.3600893138155667	
	2.9799999999998725			-4.605434859490046			-4.303750070354037			-4.002392801173711			-3.701199199556491			-3.400087408617198	
	2.9899999999998723			-4.645405042512798			-4.343735169259822			-4.042385352475171			-3.7411954756693278			-3.4400855467890876	
	2.999999999999872			-4.685375904910748			-4.383720607520383			-4.082378073370872			-3.7811918365586124			-3.4800837273439598	
	