0.0	0.0	0.0	
0.01	1.5322106839680857e-05	1.620555843563222e-05	
0.02	6.098198777558819e-05	6.451571060901944e-05	
0.03	0.0001365222931827863	0.000144472856255968	
0.04	0.00024148875289739372	0.0002556223075200421	
0.05	0.0003754301758316683	0.00039751228862696904	
0.06	0.0005378984494352121	0.0005696939354288445	
0.07	0.0007284485390023405	0.0007717212948182251	
0.08	0.000946638486825739	0.0010031513240121458	
0.09	0.0011920294111964916	0.0012635438897061584	
0.1	0.0014641855052506334	0.001552461767098518	
0.11	0.0017626740356623783	0.001869470638784575	
0.12	0.0020870653411841785	0.0022141390935215685	
0.13	0.0024369328310338448	0.0025860386248639363	
0.14	0.0028118529831289065	0.0029847436296692826	
0.15	0.003211405342168455	0.0034098314064752435	
0.16	0.003635172517562763	0.0038608821537473733	
0.17	0.004082740181210872	0.004337478967998305	
0.18	0.004553697065126562	0.004839207841778403	
0.19	0.005047634958912893	0.005365657661538139	
0.2	0.00556414870708572	0.005916420205362424	
0.21	0.0061028362062466	0.006491090140577208	
0.22	0.006663298402105273	0.007089265021228624	
0.23	0.0072451392863523475	0.007710545285434932	
0.24	0.007847965893382425	0.008354534252611616	
0.25	0.008471388296868195	0.009020838120569977	
0.26	0.00911501960618588	0.009709065962489495	
0.27	0.009778475962692625	0.010418829723764437	
0.28	0.010461376535856149	0.011149744218724935	
0.29	0.011163343519237335	0.011901427127233048	
0.3	0.011884002126326178	0.012673498991154183	
0.31	0.01262298058623171	0.01346558321070417	
0.32	0.013379910139226387	0.01427730604067265	
0.33	0.014154425032145661	0.015108296586523023	
0.34	0.014946162513643165	0.01595818680036945	
0.35	0.015754762829302275	0.016826611476831514	
0.36	0.016579869216604644	0.01771320824876688	
0.37	0.017421127899756347	0.018617617582882447	
0.38	0.01827818808437233	0.01953948277522467	
0.39	0.019150701952019886	0.020478449946549435	
0.4	0.020038324654621794	0.021434168037572046	
0.41	0.02094071430871998	0.022406288804097913	
0.42	0.021857531989600276	0.023394466812034536	
0.43	0.022788441725279204	0.0243983594322853	
0.44	0.023733110490353468	0.025417626835525665	
0.45	0.024691208199713002	0.02645193198686257	
0.46	0.025662407702118344	0.027500940640377267	
0.47	0.02664638477364319	0.028564321333552613	
0.48	0.02764281811098307	0.029641745381585323	
0.49	0.02865138932463071	0.03073288687158375	
0.5	0.029671782931919445	0.031837422656651924	
0.51	0.03070368634993508	0.032955032349860726	
0.52	0.03174678988829742	0.03408539831810649	
0.53	0.03280078674181232	0.03522820567585816	
0.54	0.03386537298299516	0.03638314227879341	
0.55	0.034940247554466765	0.03754989871732466	
0.56	0.03602511226122261	0.03872816831001563	
0.57	0.03711967176277651	0.03991764709688915	
0.58	0.038223633565179584	0.04111803383262723	
0.59	0.03933670801291568	0.042329029979663715	
0.6	0.04045860828067409	0.04355033970117087	
0.61	0.04158905036500084	0.04478166985394016	
0.62	0.042727753075829406	0.046022729981158514	
0.63	0.043874438027892045	0.04727323230508051	
0.64	0.04502882963201272	0.048532891719597515	
0.65	0.04619065508628287	0.04980142578270455	
0.66	0.047359644367120916	0.05107855470886579	
0.67	0.04853553022021689	0.0523640013612795	
0.68	0.049718048151363055	0.053657491244043364	
0.6900000000000005	0.050906936417171755	0.054958752494220824	
0.7000000000000005	0.05210193601568182	0.05626751587380978	
0.7100000000000005	0.05330279067685441	0.05758351476161416	
0.7200000000000005	0.054509246852959534	0.05890648514501923	
0.7300000000000005	0.05572105370885488	0.06023616561167218	
0.7400000000000005	0.056937963112157215	0.06157229734106792	
0.7500000000000006	0.058159729623308634	0.0629146240960419	
0.7600000000000006	0.05938611048553807	0.06426289221417046	
0.7700000000000006	0.06061686561471977	0.06561685059907976	
0.7800000000000006	0.06185175758912961	0.0669762507116642	
0.7900000000000006	0.063090551639101	0.06834084656121546	
0.8000000000000006	0.06433301563658092	0.06971039469646276	
0.8100000000000006	0.06557892008458813	0.07108465419652596	
0.8200000000000006	0.06682803810657426	0.07246338666178173	
0.8300000000000006	0.06808014543568927	0.07384635620464433	
0.8400000000000006	0.06933502040395267	0.07523332944026195	
0.8500000000000006	0.07059244393133159	0.07662407547712917	
0.8600000000000007	0.07185219951472713	0.07801836590761735	
0.8700000000000007	0.07311407321687036	0.07941597479842297	
0.8800000000000007	0.07437785365512906	0.08081667868093605	
0.8900000000000007	0.07564333199022692	0.08222025654152874	
0.9000000000000007	0.07691030191487604	0.08362648981176563	
0.9100000000000007	0.07817855964232451	0.0850351623585368	
0.9200000000000007	0.07944790389482023	0.08644606047411428	
0.9300000000000007	0.08071813589199214	0.08785897286613376	
0.9400000000000007	0.08198905933915074	0.08927369064750156	
0.9500000000000007	0.08326048041550864	0.090690007326229	
0.9600000000000007	0.08453220776232294	0.0921077187951943	
0.9700000000000008	0.08580405247096062	0.09352662332183387	
0.9800000000000008	0.08707582807088847	0.09494652153776344	
0.9900000000000008	0.08834735051758875	0.09636721642833061	
1.0	0.08961843818040209	0.09778851332209962	
1.01	0.09088891183029907	0.0992102198802695	
1.02	0.09215859462758162	0.10063214608602658	
1.03	0.09342731210951609	0.102054104233833	
1.04	0.09469489217789875	0.10347590891865147	
1.05	0.09596116508655597	0.10489737702510801	
1.06	0.09722596342877944	0.10631832771659368	
1.07	0.09848912212469893	0.10773858242430621	
1.08	0.09975047840859304	0.1091579648362328	
1.09	0.10100987181614017	0.11057630088607538	
1.1	0.10226714417161038	0.1119934187421189	
1.11	0.103522139575	0.11340914879604434	
1.12	0.10477470438911096	0.11482332365168749	
1.13	0.10602468722657396	0.11623577811374398	
1.14	0.10727193893682056	0.11764634917642286	
1.15	0.10851631259300222	0.11905487601204873	
1.16	0.10975766347885958	0.12046119995961409	
1.17	0.11099584907554275	0.12186516451328314	
1.18	0.1122307290483843	0.12326661531084764	
1.19	0.11346216523362605	0.12466540012213682	
1.2	0.11469002162510138	0.12606136883738142	
1.21	0.11591416436087436	0.1274543734555339	
1.22	0.11713446170983707	0.12884426807254543	
1.23	0.11835078405826632	0.13023090886960084	
1.24	0.11956300389634186	0.13161415410131314	
1.25	0.12077099580462661	0.132993864083878	
1.26	0.1219746364405109	0.1343699011831898	
1.27	0.12317380452462201	0.13574212980292039	
1.28	0.1243683808272001	0.13711041637256124	
1.29	0.12555824815444255	0.13847462933543106	
1.3	0.12674329133481724	0.13983463913664868	
1.31	0.12792339720534707	0.14119031821107345	
1.32	0.12909845459786645	0.14254154097121388	
1.33	0.13026835432525133	0.14388818379510532	
1.34	0.13143298916762436	0.14523012501415858	
1.35	0.13259225385853593	0.14656724490097955	
1.36	0.1337460450711236	0.14789942565716208	
1.37	0.1348942614042498	0.1492265514010543	
1.38	0.13603680336862045	0.15054850815549992	
1.39	0.13717357337288516	0.1518651838355558	
1.4	0.13830447570972032	0.1531764682361864	
1.41	0.13942941654189714	0.1544822530199364	
1.42	0.14054830388833484	0.1557824317045831	
1.43	0.14166104761014114	0.1570768996507685	
1.44	0.14276755939664165	0.15836555404961372	
1.45	0.14386775275139818	0.1596482939103156	
1.46	0.14496154297821856	0.1609250200477269	
1.47	0.14604884716715894	0.16219563506992143	
1.48	0.1471295841805192	0.1634600433657451	
1.49	0.14820367463883372	0.1647181510923536	
1.5	0.1492710409068584	0.1659698661627386	
1.51	0.15033160707955465	0.16721509823324232	
1.52	0.1513852989680728	0.1684537586910627	
1.53	0.15243204408573477	0.1696857606417494	
1.54	0.15347177163401887	0.17091101889669252	
1.55	0.1545044124885463	0.1721294499606039	
1.56	0.15552989918507162	0.17334097201899298	
1.57	0.15654816590547874	0.17454550492563847	
1.58	0.15755914846378194	0.1757429701900553	
1.59	0.1585627842921356	0.17693329096496005	
1.6	0.15955901242685125	0.17811639203373408	
1.61	0.16054777349442548	0.17929219979788638	
1.62	0.161529009697578	0.18046064226451639	
1.63	0.16250266480130218	0.18162164903377875	
1.64	0.16346868411892906	0.1827751512863502	
1.65	0.16442701449820543	0.18392108177089977	
1.66	0.1653776043073875	0.18505937479156348	
1.67	0.16632040342135182	0.18618996619542424	
1.68	0.1672553632077234	0.18731279335999806	
1.69	0.16818243651302325	0.18842779518072755	
1.7	0.16910157764883563	0.189534912058484	
1.71	0.1700127423779969	0.19063408588707756	
1.72	0.17091588790080608	0.19172526004077872	
1.73	0.1718109728412593	0.19280837936185014	
1.74	0.1726979572333081	0.19388339014809045	
1.75	0.17357680250714372	0.1949502401403912	
1.76	0.1744474714755072	0.19600887851030743	
1.77	0.17530992832002787	0.1970592558476429	
1.78	0.17616413857758917	0.1981013241480506	
1.79	0.17701006912672548	0.19913503680065056	
1.8	0.1778476881740481	0.20016034857566423	
1.81	0.17867696524070387	0.20117721561206722	
1.82	0.1794978711488653	0.2021855954052615	
1.83	0.1803103780082552	0.20318544679476686	
1.84	0.18111445920270472	0.2041767299519341	
1.85	0.1819100893767477	0.20515940636767893	
1.86	0.18269724442225047	0.20613343884023877	
1.87	0.18347590146507955	0.207098791462953	
1.88	0.1842460388518069	0.20805542961206674	
1.89	0.18500763613645482	0.20900331993456037	
1.9	0.18576067406728008	0.20994243033600374	
1.91	0.18650513457359938	0.21087272996843798	
1.92	0.18724100075265607	0.2117941892182837	
1.93	0.18796825685652957	0.21270677969427756	
1.94	0.1886868882790881	0.213610474215438	
1.95	0.18939688154298553	0.21450524679906027	
1.96	0.19009822428670306	0.21539107264874133	
1.97	0.19079090525163692	0.21626792814243678	
1.98	0.19147491426923222	0.21713579082054876	
1.99	0.19215024224816496	0.21799463937404706	
2.0	0.19281688116157092	0.21884445363262267	
2.01	0.1934748240343246	0.21968521455287618	
2.02	0.1941240649303669	0.22051690420654022	
2.03	0.1947645989400835	0.22133950576873707	
2.04	0.19539642216773428	0.222153003506273	
2.05	0.19601953171893433	0.22295738276596885	
2.06	0.19663392568818772	0.22375262996302778	
2.07	0.19723960314647365	0.22453873256944126	
2.08	0.19783656412888745	0.22531567910243366	
2.09	0.19842480962233508	0.2260834591129462	
2.1	0.19900434155328325	0.2268420631741602	
2.11	0.19957516277556495	0.22759148287006203	
2.12	0.20013727705824172	0.22833171078404788	
2.13	0.2006906890735224	0.2290627404875709	
2.14	0.20123540438473952	0.22978456652883064	
2.15	0.2017714294343842	0.23049718442150513	
2.16	0.20229877153219936	0.23120059063352655	
2.17	0.20281743884333206	0.23189478257590088	
2.18	0.2033274403765462	0.23257975859157198	
2.19	0.20382878597249499	0.23325551794433108	
2.2	0.20432148629205457	0.23392206080777114	
2.21	0.20480555280471885	0.23457938825428873	
2.22	0.2052809977770566	0.23522750224413086	
2.23	0.20574783426123006	0.23586640561449038	
2.24	0.20620607608357744	0.23649610206864838	
2.25	0.2066557378332579	0.23711659616516487	
2.26	0.2070968348509605	0.23772789330711774	
2.27	0.20752938321767764	0.23832999973139157	
2.28	0.2079533997435427	0.23892292249801544	
2.29	0.20836890195673288	0.23950666947955077	
2.299999999999995	0.20877590809243748	0.2400812493505295	
2.3099999999999947	0.20917443708189198	0.2406466715769438	
2.3199999999999945	0.20956450854147846	0.24120294640578624	
2.3299999999999943	0.20994614276189216	0.24175008485464208	
2.339999999999994	0.21031936069737567	0.2422880987013335	
2.349999999999994	0.21068418395501978	0.2428170004736167	
2.3599999999999937	0.2110406347841322	0.24333680343893163	
2.3699999999999934	0.2113887360656744	0.24384752159420467	
2.3799999999999932	0.2117285113017663	0.2443491696557056	
2.389999999999993	0.21205998460525977	0.24484176304895797	
2.399999999999993	0.21238318068938106	0.24532531789870432	
2.4099999999999926	0.21269812485744224	0.2457998510189257	
2.4199999999999924	0.2130048429926217	0.24626537990291636	
2.429999999999992	0.21330336154781532	0.2467219227134138	
2.439999999999992	0.21359370753555615	0.2471694982727844	
2.4499999999999917	0.21387590851800528	0.24760812605326518	
2.4599999999999915	0.21414999259701295	0.24803782616726172	
2.4699999999999913	0.2144159884042496	0.24845861935770222	
2.479999999999991	0.21467392509140837	0.24887052698844928	
2.489999999999991	0.21492383232047826	0.2492735710347682	
2.4999999999999907	0.21516574025408872	0.24966777407385232	
2.5099999999999905	0.21539967954592507	0.25005315927540694	
2.5199999999999902	0.21562568133121598	0.25042975039229015	
2.52999999999999	0.21584377721729237	0.25079757175121237	
2.53999999999999	0.21605399927421787	0.2511566482434939	
2.5499999999999896	0.21625638002549152	0.2515070053158811	
2.5599999999999894	0.21645095243882262	0.25184866896142144	
2.569999999999989	0.2166377499169772	0.25218166571039746	
2.579999999999989	0.21681680628869743	0.25250602262131994	
2.5899999999999888	0.2169881557996928	0.25282176727198014	
2.5999999999999885	0.21715183310370412	0.25312892775056195	
2.6099999999999883	0.21730787325364	0.2534275326468134	
2.619999999999988	0.2174563116927856	0.2537176110432784	
2.629999999999988	0.2175971842460844	0.25399919250658853	
2.6399999999999877	0.21773052711149263	0.2542723070788143	
2.6499999999999875	0.21785637685140596	0.2545369852688775	
2.6599999999999873	0.21797477038415955	0.25479325804402386	
2.669999999999987	0.21808574497560046	0.2550411568213555	
2.679999999999987	0.21818933823073314	0.2552807134594255	
2.6899999999999866	0.21828558808543724	0.255511960249892	
2.6999999999999864	0.21837453279825877	0.2557349299092335	
2.709999999999986	0.2184562109422737	0.2559496555705259	
2.719999999999986	0.2185306613970241	0.25615617077527947	
2.7299999999999858	0.21859792334052752	0.25635450946533767	
2.7399999999999856	0.2186580362413586	0.2565447059748369	
2.7499999999999853	0.21871103985080342	0.25672679502222845	
2.759999999999985	0.21875697419508647	0.25690081170235995	
2.769999999999985	0.21879587956766997	0.25706679147862027	
2.7799999999999847	0.21882779652162587	0.25722477017514433	
2.7899999999999845	0.21885276586207977	0.25737478396908037	
2.7999999999999843	0.21887082863872748	0.25751686938291796	
2.809999999999984	0.21888202613842372	0.2576510632768784	
2.819999999999984	0.21888639987784259	0.257777402841366	
2.8299999999999836	0.21888399159621003	0.25789592558948105	
2.8399999999999834	0.2188748432481085	0.2580066693495945	
2.849999999999983	0.2188589969963529	0.25810967225798426	
2.859999999999983	0.21883649520493817	0.258204972751533	
2.869999999999983	0.21880738043205855	0.25829260956048716	
2.8799999999999826	0.21877169542319785	0.2583726217012779	
2.8899999999999824	0.21872948310429083	0.25844504846940336	
2.899999999999982	0.21868078657495596	0.25850992943237255	
2.909999999999982	0.21862564910179835	0.2585673044227103	
2.9199999999999817	0.2185641141117838	0.25861721353102374	
2.9299999999999815	0.21849622518568323	0.2586596970991302	
2.9399999999999813	0.21842202605158714	0.2586947957132464	
2.949999999999981	0.2183415605784902	0.258722550197238	
2.959999999999981	0.21825487276994607	0.25874300160593205	
2.9699999999999807	0.21816200675779146	0.25875619121848836	
2.9799999999999804	0.21806300679593976	0.2587621605318334	
2.9899999999999802	0.2179579172542442	0.25876095125415416	
2.99999999999998	0.21784678261242954	0.2587526052984534	
3.00999999999998	0.21772964745409287	0.18793856816544324	
3.0199999999999796	0.21760655646077312	0.18775411329088584	
3.0299999999999794	0.21747755440608843	0.18756461953337855	
3.039999999999979	0.21734268614994218	0.18737013239088404	
3.049999999999979	0.21720199663279632	0.18717069736841924	
3.0599999999999787	0.21705553087001253	0.18696635997287123	
3.0699999999999785	0.2169033339462609	0.186757165707886	
3.0799999999999783	0.21674545100999518	0.18654316006882937	
3.089999999999978	0.21658192726799538	0.1863243885378187	
3.099999999999978	0.21641280797997647	0.18610089657882714	
3.1099999999999777	0.21623813845326356	0.18587272963285756	
3.1199999999999775	0.2160579640375328	0.1856399331131881	
3.1299999999999772	0.2158723301196184	0.1854025524006865	
3.139999999999977	0.2156812821183844	0.18516063283919515	
3.149999999999977	0.2154848654796622	0.18491421973098462	
3.1599999999999766	0.21528312567125238	0.18466335833227687	
3.1699999999999764	0.2150761081779912	0.18440809384883572	
3.179999999999976	0.21486385849688147	0.18414847143162602	
3.189999999999976	0.21464642213228682	0.1838845361725404	
3.1999999999999758	0.21442384459118988	0.18361633310019287	
3.2099999999999755	0.21419617137851393	0.18334390717577892	
3.2199999999999753	0.21396344799250663	0.18306730328900214	
3.229999999999975	0.21372571992018724	0.18278656625406686	
3.239999999999975	0.21348303263285567	0.18250174080573545	
3.2499999999999747	0.21323543158166347	0.18221287159545102	
3.2599999999999745	0.21298296219324653	0.18192000318752444	
3.2699999999999743	0.2127256698654188	0.18162318005538575	
3.279999999999974	0.21246359996292735	0.18132244657789798	
3.289999999999974	0.21219679781326772	0.1810178470357357	
3.2999999999999736	0.21192530870255918	0.18070942560782446	
3.3099999999999734	0.21164917787148077	0.1803972263678443	
3.319999999999973	0.21136845051126585	0.18008129328079303	
3.329999999999973	0.21108317175975638	0.1797616701996122	
3.3399999999999728	0.21079338669751618	0.17943840086187338	
3.3499999999999726	0.21049914034400186	0.17911152888652465	
3.3599999999999723	0.21020047765379274	0.17878109777069703	
3.369999999999972	0.2098974435128779	0.1784471508865703	
3.379999999999972	0.2095900827350008	0.17810973147829803	
3.3899999999999717	0.20927844005806076	0.1777688826589905	
3.3999999999999715	0.20896256014057138	0.177424647407756	
3.4099999999999713	0.20864248755817466	0.17707706856679947	
3.419999999999971	0.20831826680021148	0.17672618883857877	
3.429999999999971	0.2079899422663474	0.17637205078301604	
3.4399999999999706	0.20765755826325324	0.17601469681476686	
3.4499999999999704	0.20732115900134118	0.17565416920054366	
3.45999999999997	0.20698078859155414	0.17529051005649557	
3.46999999999997	0.2066364910422103	0.17492376134564136	
3.47999999999997	0.2062883102559	0.1745539648753579	
3.4899999999999696	0.20593629002643696	0.17418116229492145	
3.4999999999999694	0.2055804740358614	0.17380539509310305	
3.509999999999969	0.20522090585149613	0.17342670459581544	
3.519999999999969	0.2048576289230543	0.17304513196381324	
3.5299999999999687	0.2044906865797994	0.17266071819044468	
3.5399999999999685	0.2041201220277554	0.1722735040994543	
3.5499999999999683	0.20374597834696903	0.17188353034283668	
3.559999999999968	0.20336829848882165	0.1714908373987407	
3.569999999999968	0.20298712527339138	0.1710954655694235	
3.5799999999999677	0.20260250138686497	0.17069745497925368	
3.5899999999999674	0.20221446937899912	0.17029684557276353	
3.5999999999999672	0.2018230716606301	0.1698936771127498	
3.609999999999967	0.20142835050123262	0.16948798917842256	
3.619999999999967	0.20103034802652622	0.16907982116360085	
3.6299999999999666	0.20062910621612948	0.1686692122749562	
3.6399999999999664	0.20022466690126142	0.16825620153030196	
3.649999999999966	0.19981707176249025	0.16784082775692954	
3.659999999999966	0.19940636232752804	0.16742312958998903	
3.6699999999999657	0.19899257996907166	0.16700314547091605	
3.6799999999999655	0.19857576590268963	0.16658091364590283	
3.6899999999999653	0.198155961184754	0.16615647216441318	
3.699999999999965	0.19773320671041714	0.16572985887774142	
3.709999999999965	0.19730754321163324	0.16530111143761475	
3.7199999999999647	0.19687901125522367	0.1648702672948382	
3.7299999999999645	0.19644765124098607	0.16443736369798131	
3.7399999999999642	0.1960135033998469	0.16400243769210796	
3.749999999999964	0.1955766077920567	0.16356552611754607	
3.759999999999964	0.19513700430542813	0.16312666560869957	
3.7699999999999636	0.19469473265361542	0.16268589259289967	
3.7799999999999634	0.19424983237443666	0.16224324328929693	
3.789999999999963	0.1938023428282362	0.16179875370779245	
3.799999999999963	0.19335230319628888	0.16135245964800848	
3.8099999999999627	0.1928997524792443	0.16090439669829704	
3.8199999999999625	0.1924447294956113	0.16045460023478747	
3.8299999999999623	0.1919872728802823	0.1600031054204713	
3.839999999999962	0.19152742108309675	0.15954994720432403	
3.849999999999962	0.19106521236744378	0.1590951603204648	
3.8599999999999617	0.19060068480890321	0.15863877928735154	
3.8699999999999615	0.19013387629392475	0.15818083840701164	
3.8799999999999613	0.1896648245185451	0.1577213717643099	
3.889999999999961	0.1891935669871423	0.1572604132262498	
3.899999999999961	0.188720141011227	0.15679799644130968	
3.9099999999999606	0.18824458370827074	0.15633415483881447	
3.9199999999999604	0.18776693200056968	0.15586892162833865	
3.92999999999996	0.18728722261414518	0.15540232979914556	
3.93999999999996	0.1868054920776788	0.15493441211965708	
3.9499999999999598	0.1863217767214833	0.15446520113695672	
3.9599999999999596	0.18583611267650746	0.15399472917632537	
3.9699999999999593	0.18534853587337588	0.15352302834080764	
3.979999999999959	0.18485908204146248	0.15305013051080962	
3.989999999999959	0.1843677867079974	0.15257606734372814	
3.9999999999999587	0.18387468519720712	0.15210087027360966	
4.009999999999959	0.18337981262948777	0.15162457051083889	
4.019999999999959	0.18288320392061014	0.15114719904185792	
4.0299999999999585	0.1823848937809575	0.1506687866289137	
4.039999999999958	0.1818849167147946	0.1501893638098346	
4.049999999999958	0.1813833070195678	0.14970896089783464	
4.059999999999958	0.18088009878523717	0.1492276079813468	
4.069999999999958	0.1803753258936379	0.14874533492388267	
4.079999999999957	0.1798690220178726	0.14826217136392	
4.089999999999957	0.17936122062173349	0.1477781467148169	
4.099999999999957	0.17885195495915382	0.14729329016475134	
4.109999999999957	0.17834125807368853	0.14680763067668848	
4.119999999999957	0.1778291627980236	0.14632119698837198	
4.129999999999956	0.177315701753514	0.14583401761234072	
4.139999999999956	0.17680090734974951	0.14534612083597118	
4.149999999999956	0.17628481178414834	0.1448575347215435	
4.159999999999956	0.17576744704157812	0.14436828710633123	
4.1699999999999555	0.17524884489400375	0.14387840560271611	
4.179999999999955	0.1747290369001622	0.14338791759832437	
4.189999999999955	0.17420805440526319	0.14289685025618762	
4.199999999999955	0.1736859285407162	0.1424052305149252	
4.209999999999955	0.17316269022388314	0.1419130850889487	
4.2199999999999545	0.17263837015785588	0.14142044046868946	
4.229999999999954	0.17211299883125927	0.14092732292084628	
4.239999999999954	0.17158660651807828	0.1404337584886546	
4.249999999999954	0.17105922327750972	0.1399397729921771	
4.259999999999954	0.17053087895383795	0.1394453920286139	
4.269999999999953	0.17000160317633395	0.13895064097263293	
4.279999999999953	0.16947142535917792	0.13845554497672102	
4.289999999999953	0.1689403747014045	0.13796012897155255	
4.299999999999953	0.16840848018687113	0.1374644176663793	
4.3099999999999525	0.16787577058424838	0.13696843554943736	
4.319999999999952	0.16734227444703223	0.13647220688837283	
4.329999999999952	0.16680802011357831	0.13597575573068635	
4.339999999999952	0.16627303570715715	0.13547910590419462	
4.349999999999952	0.16573734913603086	0.13498228101750875	
4.3599999999999515	0.16520098809355005	0.1344853044605317	
4.369999999999951	0.16466398005827204	0.1339881994049699	
4.379999999999951	0.16412635229409775	0.13349098880486365	
4.389999999999951	0.16358813185043009	0.1329936953971323	
4.399999999999951	0.16304934556235062	0.13249634170213515	
4.40999999999995	0.16251002005081588	0.131998950024249	
4.41999999999995	0.16197018172287259	0.13150154245246007	
4.42999999999995	0.16142985677189142	0.13100414086097042	
4.43999999999995	0.1608890711778193	0.1305067669098204	
4.4499999999999496	0.16034785070744942	0.13000944204552423	
4.459999999999949	0.15980622091470886	0.12951218750171958	
4.469999999999949	0.15926420714096448	0.12901502429983203	
4.479999999999949	0.15872183451534488	0.1285179732497514	
4.489999999999949	0.1581791279550801	0.1280210549505228	
4.4999999999999485	0.1576361121658573	0.1275242897910495	
4.509999999999948	0.1570928116421933	0.12702769795080826	
4.519999999999948	0.1565492506678227	0.12653129940057842	
4.529999999999948	0.156005453316102	0.1260351139031813	
4.539999999999948	0.15546144345042928	0.12553916101423226	
4.549999999999947	0.15491724472467874	0.12504346008290443	
4.559999999999947	0.15437288058365073	0.12454803025270342	
4.569999999999947	0.15382837426353604	0.12405289046225242	
4.579999999999947	0.1532837487923946	0.12355805944608957	
4.589999999999947	0.15273902699064873	0.12306355573547377	
4.599999999999946	0.15219423147159003	0.12256939765920276	
4.609999999999946	0.15164938464189975	0.12207560334443972	
4.619999999999946	0.151104508702183	0.12158219071754965	
4.629999999999946	0.1505596256475156	0.12108917750494635	
4.6399999999999455	0.1500147572680042	0.12059658123394756	
4.649999999999945	0.1494699251493589	0.12010441923363897	
4.659999999999945	0.14892515067347817	0.11961270863574819	
4.669999999999945	0.14838045501904615	0.11912146637552555	
4.679999999999945	0.14783585916214156	0.11863070919263487	
4.689999999999944	0.14729138387685867	0.11814045363205107	
4.699999999999944	0.1467470497359392	0.11765071604496559	
4.709999999999944	0.14620287711141589	0.11716151258970059	
4.719999999999944	0.14565888617526673	0.11667285923262918	
4.729999999999944	0.14511509690008031	0.11618477174910327	
4.739999999999943	0.14457152905973092	0.1156972657243888	
4.749999999999943	0.14402820223006485	0.11521035655460707	
4.759999999999943	0.14348513578959612	0.11472405944768257	
4.769999999999943	0.14294234892021232	0.1142383894242979	
4.7799999999999425	0.14239986060788987	0.11375336131885351	
4.789999999999942	0.14185768964341897	0.11326898978043462	
4.799999999999942	0.14131585462313742	0.11278528927378303	
4.809999999999942	0.1407743739496737	0.11230227408027421	
4.819999999999942	0.14023326583269852	0.11181995829890069	
4.8299999999999415	0.1396925482896852	0.11133835584725962	
4.839999999999941	0.13915223914667812	0.11085748046254518	
4.849999999999941	0.1386123560390697	0.11037734570254659	
4.859999999999941	0.138072916412385	0.10989796494664998	
4.869999999999941	0.13753393752307388	0.10941935139684413	
4.87999999999994	0.1369954364393114	0.10894151807873179	
4.88999999999994	0.13645743004180483	0.10846447784254327	
4.89999999999994	0.13591993502460836	0.1079882433641554	
4.90999999999994	0.1353829678959443	0.10751282714611295	
4.9199999999999395	0.1348465449790315	0.10703824151865382	
4.929999999999939	0.13431068241292002	0.106564498640738	
4.939999999999939	0.1337753961533323	0.10609161050107911	
4.949999999999939	0.13324070197351084	0.10561958891917864	
4.959999999999939	0.13270661546507131	0.105148445546364	
4.9699999999999385	0.13217315203886215	0.10467819186682785	
4.979999999999938	0.13164032692582936	0.10420883919867116	
4.989999999999938	0.13110815517788718	0.10374039869494776	
4.999999999999938	0.1305766516687938	0.10327288134471095	
5.009999999999938	0.13004583109503234	0.10280629797406292	
5.019999999999937	0.12951570797669718	0.10234065924720535	
5.029999999999937	0.12898629665838424	0.10187597566749151	
5.039999999999937	0.12845761131008696	0.10141225757848077	
5.049999999999937	0.12792966592809596	0.10094951516499384	
5.0599999999999365	0.1274024743359036	0.10048775845416913	
5.069999999999936	0.12687605018511233	0.10002699731652115	
5.079999999999936	0.12635040695634725	0.09956724146699866	
5.089999999999936	0.12582555796017272	0.09910850046604484	
5.099999999999936	0.1253015163380121	0.0986507837206575	
5.1099999999999355	0.12477829506307168	0.09819410048544963	
5.119999999999935	0.12425590694126785	0.09773845986371152	
5.129999999999935	0.12373436461215721	0.09728387080847214	
5.139999999999935	0.12321368054987018	0.09683034212356073	
5.149999999999935	0.12269386706404758	0.0963778824646696	
5.159999999999934	0.12217493630077975	0.0959265003404157	
5.169999999999934	0.1216569002435486	0.09547620411340227	
5.179999999999934	0.12113977071417224	0.09502700200128102	
5.189999999999934	0.1206235593737519	0.09457890207781262	
5.199999999999934	0.12010827772362105	0.09413191227392795	
5.209999999999933	0.11959393710629716	0.09368604037878805	
5.219999999999933	0.11908054870643482	0.09324129404084312	
5.229999999999933	0.11856812355178128	0.09279768076889149	
5.239999999999933	0.11805667251413343	0.09235520793313715	
5.2499999999999325	0.11754620631029662	0.09191388276624589	
5.259999999999932	0.1170367355030449	0.09147371236440127	
5.269999999999932	0.11652827050208277	0.09103470368835856	
5.279999999999932	0.11602082156500788	0.09059686356449727	
5.289999999999932	0.11551439879827548	0.09016019868587319	
5.299999999999931	0.11500901215816325	0.08972471561326748	
5.309999999999931	0.1145046714517375	0.08929042077623564	
5.319999999999931	0.11400138633782006	0.08885732047415366	
5.329999999999931	0.11349916632795579	0.08842542087726245	
5.339999999999931	0.11299802078738076	0.08799472802771133	
5.34999999999993	0.11249795893599096	0.08756524784059838	
5.35999999999993	0.11199898984931118	0.08713698610500918	
5.36999999999993	0.11150112245946445	0.08670994848505388	
5.37999999999993	0.11100436555614136	0.08628414052090085	
5.3899999999999295	0.11050872778756962	0.08585956762980947	
5.399999999999929	0.11001421766148362	0.08543623510715956	
5.409999999999929	0.10952084354609354	0.08501414812747826	
5.419999999999929	0.10902861367105467	0.08459331174546511	
5.429999999999929	0.1085375361284361	0.08417373089701416	
5.4399999999999284	0.10804761887368897	0.08375541040023271	
5.449999999999928	0.10755886972661444	0.08333835495645862	
5.459999999999928	0.10707129637233079	0.08292256915127384	
5.469999999999928	0.10658490636223998	0.08250805745551491	
5.479999999999928	0.10609970711499334	0.08209482422628155	
5.489999999999927	0.1056157059174564	0.08168287370794078	
5.499999999999927	0.10513290992567287	0.08127221003312939	
5.509999999999927	0.10465132616582731	0.08086283722375222	
5.519999999999927	0.10417096153520693	0.08045475919197734	
5.5299999999999265	0.10369182280316214	0.08004797974122875	
5.539999999999926	0.10321391661206557	0.07964250256717478	
5.549999999999926	0.1027372494782701	0.07923833125871348	
5.559999999999926	0.10226182779306513	0.0788354692989548	
5.569999999999926	0.10178765782363146	0.07843392006619904	
5.5799999999999255	0.10131474571399456	0.07803368683491137	
5.589999999999925	0.10084309748597617	0.07763477277669376	
5.599999999999925	0.10037271904014411	0.07723718096125197	
5.609999999999925	0.09990361615676047	0.07684091435736003	
5.619999999999925	0.0994357944967275	0.0764459758338202	
5.629999999999924	0.09896925960253211	0.07605236816041921	
5.639999999999924	0.09850401689918777	0.07566009400888113	
5.649999999999924	0.09804007169517484	0.07526915595381589	
5.659999999999924	0.09757742918337844	0.0748795564736638	
5.6699999999999235	0.09711609444202424	0.07449129795163674	
5.679999999999923	0.09665607243561179	0.07410438267665444	
5.689999999999923	0.09619736801584586	0.07371881284427755	
5.699999999999923	0.09573998592256508	0.07333459055763605	
5.709999999999923	0.09528393078466828	0.07295171782835369	
5.7199999999999225	0.0948292071210382	0.07257019657746842	
5.729999999999922	0.09437581934146289	0.07219002863634849	
5.739999999999922	0.09392377174755417	0.0718112157476041	
5.749999999999922	0.09347306853366362	0.07143375956599528	
5.759999999999922	0.09302371378779581	0.0710576616593352	
5.769999999999921	0.09257571149251874	0.07068292350938879	
5.779999999999921	0.09212906552587148	0.07030954651276787	
5.789999999999921	0.09168377966226884	0.06993753198182087	
5.799999999999921	0.09123985757340326	0.06956688114551908	
5.809999999999921	0.09079730282914363	0.06919759515033783	
5.81999999999992	0.09035611889843118	0.06882967506113323	
5.82999999999992	0.08991630915017218	0.0684631218620149	
5.83999999999992	0.08947787685412759	0.06809793645721371	
5.84999999999992	0.08904082518179973	0.06773411967194494	
5.8599999999999195	0.08860515720731545	0.06737167225326746	
5.869999999999919	0.08817087590830633	0.06701059487093763	
5.879999999999919	0.0877379841667855	0.0666508881182589	
5.889999999999919	0.08730648477002106	0.06629255251292702	
5.899999999999919	0.08687638041140655	0.06593558849787001	
5.909999999999918	0.08644767369132737	0.0655799964420842	
5.919999999999918	0.08602036711802441	0.065225776641465	
5.929999999999918	0.08559446310845391	0.06487292931963307	
5.939999999999918	0.08516996398914385	0.06452145462875625	
5.949999999999918	0.08474687199704693	0.06417135265036616	
5.959999999999917	0.08432518928038983	0.06382262339617029	
5.969999999999917	0.08390491789951914	0.06347526680885962	
5.979999999999917	0.08348605982774335	0.06312928276291087	
5.989999999999917	0.08306861695217146	0.06278467106538463	
5.9999999999999165	0.08265259107454773	0.06244143145671836	
6.009999999999916	0.08223798391208292	0.062099563611514315	
6.019999999999916	0.08182479709828162	0.06175906713932344	
6.029999999999916	0.0814130321837659	0.06141994158542376	
6.039999999999916	0.08100269063709518	0.06108218643159404	
6.0499999999999154	0.08059377384558228	0.060745801096883045	
6.059999999999915	0.08018628311610561	0.06041078493837358	
6.069999999999915	0.07978021967591771	0.06007713725194164	
6.079999999999915	0.07937558467344946	0.05974485727301108	
6.089999999999915	0.07897237917911089	0.05941394417730294	
6.099999999999914	0.07857060418608786	0.059084397081580524	
6.109999999999914	0.07817026061113462	0.05875621504438907	
6.119999999999914	0.07777134929536283	0.05842939706679062	
6.129999999999914	0.07737387100502616	0.05810394209309456	
6.1399999999999135	0.07697782643230115	0.05777984901158267	
6.149999999999913	0.07658321619606417	0.05745711665522942	
6.159999999999913	0.07619004084266394	0.05713574380241787	
6.169999999999913	0.07579830084669037	0.05681572917765013	
6.179999999999913	0.07540799661173932	0.056497071452253134	
6.1899999999999125	0.07501912847117298	0.056179769245079815	
6.199999999999912	0.07463169668887658	0.05586382112320496	
6.209999999999912	0.0742457014600106	0.055549225602616645	
6.219999999999912	0.07386114291175926	0.055235981148902595	
6.229999999999912	0.07347802110407448	0.05492408617793142	
6.239999999999911	0.07309633603041608	0.05461353905652972	
6.249999999999911	0.07271608761848754	0.0543043381031537	
6.259999999999911	0.07233727573096774	0.05399648158855597	
6.269999999999911	0.07195990016623859	0.05368996773644814	
6.2799999999999105	0.07158396065910827	0.053384794724157594	
6.28999999999991	0.07120945688153058	0.05308096068328056	
6.29999999999991	0.07083638844331983	0.05277846370032938	
6.30999999999991	0.07046475489286164	0.05247730181737543	
6.31999999999991	0.0700945557178196	0.05217747303268736	
6.3299999999999095	0.06972579034583763	0.05187897530136428	
6.339999999999909	0.06935845814523815	0.05158180653596411	
6.349999999999909	0.06899255842571597	0.05128596460712749	
6.359999999999909	0.0686280904390281	0.05099144734419667	
6.369999999999909	0.06826505337967914	0.05069825253582952	
6.379999999999908	0.06790344638560265	0.05040637793060923	
6.389999999999908	0.06754326853883799	0.05011582123764873	
6.399999999999908	0.06718451886620333	0.04982658012719088	
6.409999999999908	0.06682719633996395	0.04953865223120365	
6.419999999999908	0.06647129987849669	0.04925203514397047	
6.429999999999907	0.06611682834694994	0.04896672642267641	
6.439999999999907	0.06576378055789943	0.04868272358798912	
6.449999999999907	0.06541215527199985	0.04840002412463532	
6.459999999999907	0.06506195119863206	0.048118625481972765	
6.4699999999999065	0.06471316699654626	0.04783852507455738	
6.479999999999906	0.06436580127450074	0.047559720282705706	
6.489999999999906	0.0640198525918965	0.04728220845305309	
6.499999999999906	0.06367531945940767	0.047005986899106775	
6.509999999999906	0.06333220033960744	0.04673105290179484	
6.519999999999905	0.0629904936475901	0.04645740371001036	
6.529999999999905	0.06265019775158863	0.04618503654115081	
6.539999999999905	0.0623113109735881	0.04591394858165347	
6.549999999999905	0.061973831589934934	0.0456441369875258	
6.559999999999905	0.06163775783194176	0.045375598884871346	
6.569999999999904	0.06130308788648831	0.04510833137041156	
6.579999999999904	0.06096981989661793	0.04484233151200259	
6.589999999999904	0.0606379519621299	0.044577596349148076	
6.599999999999904	0.06030748214016762	0.04431412289350717	
6.6099999999999035	0.0599784084458026	0.044051908129398167	
6.619999999999903	0.05965072885261414	0.04379094901429798	
6.629999999999903	0.05932444129326509	0.043531242479336964	
6.639999999999903	0.058999543660073143	0.04327278542978926	
6.649999999999903	0.05867603380557817	0.043015574745559185	
6.659999999999902	0.05835390954310534	0.04275960728166296	
6.669999999999902	0.05803316864732403	0.04250487986870598	
6.679999999999902	0.05771380885480272	0.04225138931335631	
6.689999999999902	0.05739582786455968	0.04199913239881324	
6.699999999999902	0.05707922333860947	0.04174810588527211	
6.709999999999901	0.05676399290250553	0.04149830651038456	
6.719999999999901	0.056450134145878426	0.04124973098971455	
6.729999999999901	0.05613764462297022	0.04100237601719042	
6.739999999999901	0.055826521853164536	0.04075623826555251	
6.7499999999999005	0.05551676332151281	0.04051131438679651	
6.7599999999999	0.05520836647925625	0.040267601012613105	
6.7699999999999	0.05490132874434388	0.040025094754823014	
6.7799999999999	0.05459564750194646	0.03978379220580801	
6.7899999999999	0.054291320104966505	0.039543689938938135	
6.7999999999998995	0.05398834387454412	0.03930478450899438	
6.809999999999899	0.05368671610055893	0.0390670724525877	
6.819999999999899	0.05338643404212803	0.038830550288573774	
6.829999999999899	0.0530874949280999	0.038595214518463726	
6.839999999999899	0.05278989595754438	0.03836106162683105	
6.849999999999898	0.0524936343002387	0.038128088081714355	
6.859999999999898	0.05219870709714953	0.03789629033501612	
6.869999999999898	0.0519051114609111	0.037665664822897835	
6.879999999999898	0.051612844476299505	0.03743620796617074	
6.8899999999998975	0.05132190320070295	0.037207916170683177	
6.899999999999897	0.0510322846645882	0.03698078582770368	
6.909999999999897	0.050743985871963194	0.03675481331430029	
6.919999999999897	0.050457003800835655	0.03652999499371626	
6.929999999999897	0.05017133540366796	0.03630632721574171	
6.9399999999998965	0.04988697760782821	0.03608380631708145	
6.949999999999896	0.04960392731603737	0.03586242862171935	
6.959999999999896	0.049322181406812694	0.03564219044127867	
6.969999999999896	0.04904173673490726	0.035423088075378646	
6.979999999999896	0.04876259013174588	0.03520511781198768	
6.989999999999895	0.04848473840585715	0.03498827592777246	
6.999999999999895	0.048208178343301725	0.03477255868844375	
7.009999999999895	0.04793290670809696	0.0345579623490983	
7.019999999999895	0.047658920242637785	0.03434448315455721	
7.0299999999998946	0.04738621566811386	0.0341321173397008	
7.039999999999894	0.047114789684923115	0.0339208611297998	
7.049999999999894	0.04684463897308159	0.03371071074084286	
7.059999999999894	0.046575760192629545	0.033501662379860915	
7.069999999999894	0.04630814998403413	0.033293712245247645	
7.0799999999998935	0.04604180496858822	0.03308685652707654	
7.089999999999893	0.045776721748805774	0.032881091407414756	
7.099999999999893	0.04551289690881363	0.032676413060633104	
7.109999999999893	0.04525032701473967	0.03247281765371301	
7.119999999999893	0.044989008615097345	0.03227030134654985	
7.129999999999892	0.0447289382411669	0.032068860292252865	
7.139999999999892	0.044470112407372926	0.03186849063744194	
7.149999999999892	0.044212527611658364	0.0316691885225409	
7.159999999999892	0.04395618033585516	0.031470950082067364	
7.169999999999892	0.04370106704605133	0.03127377144491969	
7.179999999999891	0.043447184192954735	0.031077648734660176	
7.189999999999891	0.0431945282122532	0.030882578069795434	
7.199999999999891	0.04294309552497139	0.030688555564053283	
7.209999999999891	0.04269288253782426	0.030495577326656417	
7.2199999999998905	0.04244388564356707	0.03030363946259315	
7.22999999999989	0.04219610122134207	0.03011273807288474	
7.23999999999989	0.04194952563702183	0.029922869254849615	
7.24999999999989	0.04170415524354929	0.029734029102364626	
7.25999999999989	0.041459986381274405	0.02954621370612311	
7.269999999999889	0.041217015378287564	0.029359419153889725	
7.279999999999889	0.04097523855074975	0.029173641530752623	
7.289999999999889	0.04073465220321939	0.02898887691937212	
7.299999999999889	0.04049525262897594	0.028805121400226785	
7.309999999999889	0.04025703611034045	0.028622371051856253	
7.319999999999888	0.04001999891899259	0.02844062195110111	
7.329999999999888	0.03978413731628478	0.028259870173340036	
7.339999999999888	0.03954944755355305	0.0280801117927238	
7.349999999999888	0.03931592587242469	0.02790134288240637	
7.3599999999998875	0.03908356850512287	0.02772355951477333	
7.369999999999887	0.03885237167476812	0.02754675776166729	
7.379999999999887	0.03862233159567662	0.027370933694610338	
7.389999999999887	0.0383934444736556	0.027196083385024054	
7.399999999999887	0.038165706506295465	0.02702220290444628	
7.4099999999998865	0.03793911388325904	0.02684928832474546	
7.419999999999886	0.0377136627865678	0.026677335718332116	
7.429999999999886	0.037489349390884885	0.026506341158367412	
7.439999999999886	0.037266169863795426	0.02633630071896936	
7.449999999999886	0.03704412036608368	0.026167210475416064	
7.459999999999885	0.036823197052007296	0.02599906650434632	
7.469999999999885	0.03660339606956868	0.025831864883957757	
7.479999999999885	0.03638471356078336	0.02566560169420205	
7.489999999999885	0.036167145661945586	0.025500273016977874	
7.4999999999998845	0.03595068850389089	0.02533587493632098	
7.509999999999884	0.03573533821225592	0.025172403538591796	
7.519999999999884	0.03552109090773539	0.02500985491266059	
7.529999999999884	0.035307942706336186	0.02484822515009002	
7.539999999999884	0.035095889719628695	0.02468751034531503	
7.5499999999998835	0.03488492805499535	0.02452770659582063	
7.559999999999883	0.034675053815876385	0.02436881000231687	
7.569999999999883	0.034466263102012853	0.02421081666891146	
7.579999999999883	0.03425855200968693	0.02405372270328015	
7.589999999999883	0.03405191663195945	0.023897524216834387	
7.599999999999882	0.03384635305890486	0.02374221732488689	
7.609999999999882	0.03364185737784333	0.02358779814681469	
7.619999999999882	0.03343842567357036	0.023434262806219804	
7.629999999999882	0.033236054028583664	0.023281607431087745	
7.6399999999998816	0.033034738523307454	0.023129828153943616	
7.649999999999881	0.032834475236314095	0.02297892111200581	
7.659999999999881	0.03263526024454323	0.02282888244733774	
7.669999999999881	0.03243708962351828	0.022679708306997035	
7.679999999999881	0.032239959447560376	0.022531394843182697	
7.6899999999998805	0.03204386578999989	0.022383938213379802	
7.69999999999988	0.03184880472338522	0.022237334580502463	
7.70999999999988	0.03165477231968936	0.02209158011303412	
7.71999999999988	0.031461764650513736	0.021946670985166013	
7.72999999999988	0.03126977778728971	0.0218026033769334	
7.739999999999879	0.031078807801477634	0.021659373474349562	
7.749999999999879	0.03088885076476347	0.021516977469538023	
7.759999999999879	0.030699902749252946	0.021375411560862367	
7.769999999999879	0.030511959827663408	0.02123467195305417	
7.779999999999879	0.030325018073513215	0.021094754857338832	
7.789999999999878	0.030139073561308856	0.020955656491559473	
7.799999999999878	0.029954122366729657	0.02081737308029858	
7.809999999999878	0.02977016056681022	0.020679900854998115	
7.819999999999878	0.02958718424012052	0.020543236054077197	
7.8299999999998775	0.02940518946694373	0.02040737492304812	
7.839999999999877	0.029224172329451795	0.020272313714630348	
7.849999999999877	0.02904412891187869	0.020138048688862493	
7.859999999999877	0.02886505530069154	0.020004576113212682	
7.869999999999877	0.028686947584759436	0.01987189226268677	
7.879999999999876	0.02850980185552008	0.019739993419934817	
7.889999999999876	0.028333614207144257	0.01960887587535569	
7.899999999999876	0.028158380736698112	0.019478535927199902	
7.909999999999876	0.027984097544303317	0.01934896988167045	
7.919999999999876	0.02781076073329506	0.019220174053022215	
7.929999999999875	0.027638366410377927	0.01909214476365923	
7.939999999999875	0.02746691068577973	0.018964878344230402	
7.949999999999875	0.027296389673403157	0.01883837113372343	
7.959999999999875	0.02712679949097547	0.018712619479556904	
7.9699999999998745	0.026958136260196025	0.018587619737670986	
7.979999999999874	0.026790396106881904	0.018463368272616066	
7.989999999999874	0.026623575161111367	0.018339861457639942	
7.999999999999874	0.02645766955736544	0.018217095674773285	
8.009999999999874	0.026292675434667442	0.01809506731491352	
8.019999999999873	0.026128588936720556	0.017973772777906877	
8.029999999999873	0.02596540621204348	0.017853208472629212	
8.039999999999873	0.025803123414104043	0.01773337081706487	
8.049999999999873	0.02564173670145108	0.017614256238384154	
8.059999999999873	0.025481242237844176	0.01749586117301923	
8.069999999999872	0.025321636192381713	0.017378182066738343	
8.079999999999872	0.025162914739626938	0.01726121537471877	
8.089999999999872	0.0250050740597322	0.017144957561618004	
8.099999999999872	0.024848110338561328	0.01702940510164357	
8.109999999999872	0.024692019767810245	0.016914554478621325	
8.119999999999871	0.024536798545125686	0.016800402186062324	
8.129999999999871	0.024382442874222154	0.01668694472722809	
8.139999999999871	0.024228948964997138	0.016574178615194734	
8.14999999999987	0.02407631303364447	0.01646210037291535	
8.15999999999987	0.023924531302766075	0.0163507065332812	
8.16999999999987	0.023773600001481793	0.016239993639181414	
8.17999999999987	0.023623515365537674	0.01612995824356126	
8.18999999999987	0.023474273637412457	0.0160205969094793	
8.19999999999987	0.023325871066422352	0.015911906210162863	
8.20999999999987	0.023178303908824246	0.01580388272906243	
8.21999999999987	0.023031568427917114	0.015696523059904606	
8.229999999999869	0.022885660894141898	0.015589823806743681	
8.239999999999869	0.0227405775851797	0.015483781584012197	
8.249999999999869	0.02259631478604836	0.015378393016569913	
8.259999999999868	0.022452868789197458	0.015273654739751686	
8.269999999999868	0.02231023589460168	0.015169563399414051	
8.279999999999868	0.022168412409852675	0.015066115651980594	
8.289999999999868	0.022027394650249332	0.01496330816448598	
8.299999999999867	0.021887178938886444	0.014861137614619017	
8.309999999999867	0.02174776160674196	0.01475960069076428	
8.319999999999867	0.021609138992762646	0.014658694092042674	
8.329999999999867	0.021471307443948203	0.014558414528350803	
8.339999999999867	0.021334263315434043	0.014458758720399112	
8.349999999999866	0.02119800297057243	0.014359723399749091	
8.359999999999866	0.021062522781012248	0.014261305308849092	
8.369999999999866	0.020927819126777325	0.014163501201069203	
8.379999999999866	0.020793888396343246	0.014066307840734931	
8.389999999999866	0.020660726986712865	0.013969722003159863	
8.399999999999865	0.020528331303490306	0.0138737404746771	
8.409999999999865	0.020396697760953618	0.013778360052669877	
8.419999999999865	0.020265822782126047	0.013683577545600881	
8.429999999999865	0.020135702798845936	0.013589389773040656	
8.439999999999864	0.020006334251835272	0.01349579356569495	
8.449999999999864	0.019877713590766885	0.013402785765430972	
8.459999999999864	0.019749837274330346	0.013310363225302829	
8.469999999999864	0.01962270177029651	0.013218522809575755	
8.479999999999864	0.019496303555580782	0.01312726139374949	
8.489999999999863	0.019370639116305103	0.013036575864580636	
8.499999999999863	0.019245704947858638	0.012946463120104092	
8.509999999999863	0.019121497554957203	0.01285692006965342	
8.519999999999863	0.01899801345170146	0.012767943633880514	
8.529999999999863	0.01887524916163383	0.0126795307447741	
8.539999999999862	0.01875320121779426	0.012591678345677449	
8.549999999999862	0.018631866162774673	0.012504383391305178	
8.559999999999862	0.018511240548772283	0.012417642847759059	
8.569999999999862	0.018391320937641727	0.012331453692543149	
8.579999999999862	0.018272103900945965	0.012245812914577858	
8.589999999999861	0.01815358602000607	0.012160717514213246	
8.599999999999861	0.01803576388594981	0.012076164503241445	
8.60999999999986	0.01791863409975914	0.011992150904908296	
8.61999999999986	0.017802193272316552	0.011908673753924029	
8.62999999999986	0.01768643802445025	0.011825730096473325	
8.63999999999986	0.017571364986978314	0.011743316990224406	
8.64999999999986	0.01745697080075168	0.01166143150433739	
8.65999999999986	0.017343252116696083	0.01158007071947187	
8.66999999999986	0.01723020559585294	0.011499231727793654	
8.67999999999986	0.017117827909419098	0.011418911632980878	
8.68999999999986	0.01700611573878564	0.011339107550229221	
8.699999999999859	0.016895065775575535	0.01125981660625642	
8.709999999999859	0.016784674721680378	0.011181035939306107	
8.719999999999859	0.016674939289296004	0.011102762699150838	
8.729999999999858	0.01656585620095717	0.011024994047094405	
8.739999999999858	0.016457422189571212	0.010947727155973568	
8.749999999999858	0.01634963399845072	0.010870959210158937	
8.759999999999858	0.01624248838134524	0.010794687405555232	
8.769999999999857	0.016135982102472014	0.010718908949600899	
8.779999999999857	0.016030111936545775	0.010643621061266926	
8.789999999999857	0.01592487466880757	0.010568820971055213	
8.799999999999857	0.0158202670950527	0.010494505920996091	
8.809999999999857	0.01571628602165769	0.010420673164645301	
8.819999999999856	0.015612928265606374	0.010347319967080335	
8.829999999999856	0.01551019065451508	0.010274443604896055	
8.839999999999856	0.015408070026656902	0.010202041366199888	
8.849999999999856	0.015306563230985122	0.010130110550606246	
8.859999999999856	0.015205667127155731	0.010058648469230385	
8.869999999999855	0.015105378585549115	0.009987652444681742	
8.879999999999855	0.015005694487290864	0.00991711981105662	
8.889999999999855	0.014906611724271764	0.009847047913930282	
8.899999999999855	0.014808127199166929	0.009777434110348602	
8.909999999999854	0.014710237825454145	0.00970827576881903	
8.919999999999854	0.014612940527431372	0.009639570269301068	
8.929999999999854	0.01451623224023345	0.00957131500319621	
8.939999999999854	0.014420109909848022	0.009503507373337276	
8.949999999999854	0.014324570493130658	0.009436144793977376	
8.959999999999853	0.014229610957819211	0.009369224690778208	
8.969999999999853	0.014135228282547404	0.009302744500797908	
8.979999999999853	0.014041419456857662	0.009236701672478411	
8.989999999999853	0.013948181481213191	0.0091710936656323	
8.999999999999853	0.013855511367009323	0.009105917951429121	
9.009999999999852	0.013763406136584125	0.009041172012381369	
9.019999999999852	0.0136718628232283	0.00897685334232984	
9.029999999999852	0.013580878471194342	0.008912959446428597	
9.039999999999852	0.013490450135705033	0.008849487841129494	
9.049999999999851	0.013400574882961206	0.00878643605416615	
9.059999999999851	0.013311249790148846	0.00872380162453767	
9.069999999999851	0.013222471945445484	0.00866158210249174	
9.07999999999985	0.013134238448025951	0.0085997750495074	
9.08999999999985	0.013046546408067473	0.00853837803827737	
9.09999999999985	0.012959392946754059	0.008477388652689967	
9.10999999999985	0.012872775196280314	0.008416804487810566	
9.11999999999985	0.012786690299854563	0.00835662314986278	
9.12999999999985	0.012701135411701382	0.00829684225620913	
9.13999999999985	0.012616107697063473	0.008237459435331369	
9.14999999999985	0.012531604332202951	0.00817847232681045	
9.15999999999985	0.012447622504402026	0.008119878581306035	
9.169999999999849	0.012364159411963064	0.008061675860535793	
9.179999999999849	0.012281212264208098	0.00800386183725418	
9.189999999999849	0.012198778281477689	0.007946434195230934	
9.199999999999848	0.012116854695129312	0.007889390629229227	
9.209999999999848	0.012035438747535071	0.007832728844983476	
9.219999999999848	0.011954527692078937	0.00777644655917673	
9.229999999999848	0.011874118793153378	0.007720541499417912	
9.239999999999847	0.011794209326155467	0.007665011404218541	
9.249999999999847	0.011714796577482473	0.007609854022969251	
9.259999999999847	0.011635877844526877	0.0075550671159159795	
9.269999999999847	0.011557450435670894	0.007500648454135774	
9.279999999999847	0.011479511670280487	0.0074465958195124434	
9.289999999999846	0.011402058878698839	0.007392907004711781	
9.299999999999846	0.01132508940223936	0.007339579813156555	
9.309999999999846	0.011248600593178178	0.007286612059001206	
9.319999999999846	0.011172589814746134	0.007234001567106282	
9.329999999999846	0.011097054441120335	0.007181746173012535	
9.339999999999845	0.011021991857415174	0.0071298437229148715	
9.349999999999845	0.010947399459672944	0.007078292073635924	
9.359999999999845	0.010873274654853944	0.00702708909259941	
9.369999999999845	0.010799614860826154	0.006976232657803267	
9.379999999999844	0.01072641750635445	0.00692572065779245	
9.389999999999844	0.010653680031089395	0.00687555099163163	
9.399999999999844	0.010581399885555572	0.006825721568877522	
9.409999999999844	0.010509574531139512	0.006776230309551053	
9.419999999999844	0.010438201440077175	0.0067270751441092826	
9.429999999999843	0.010367278095441041	0.0066782540134170745	
9.439999999999843	0.010296801991126762	0.006629764868718636	
9.449999999999843	0.010226770631839438	0.006581605671608747	
9.459999999999843	0.010157181533079481	0.006533774394003836	
9.469999999999843	0.010088032221128087	0.006486269018112843	
9.479999999999842	0.01001932023303232	0.006439087536407884	
9.489999999999842	0.009951043116589831	0.006392227951594683	
9.499999999999842	0.009883198430333187	0.006345688276582914	
9.509999999999842	0.009815783743513832	0.006299466534456254	
9.519999999999841	0.009748796636085699	0.0062535607584423	
9.529999999999841	0.009682234698688456	0.006207968991882331	
9.539999999999841	0.009616095532630395	0.006162689288200817	
9.54999999999984	0.009550376749870991	0.006117719710874893	
9.55999999999984	0.009485075973003108	0.006073058333403543	
9.56999999999984	0.00942019083523487	0.0060287032392766955	
9.57999999999984	0.009355718980371215	0.005984652521944141	
9.58999999999984	0.009291658062795118	0.00594090428478431	
9.59999999999984	0.009228005747448483	0.0058974566410728586	
9.60999999999984	0.00916475970981275	0.00585430771395122	
9.61999999999984	0.009101917635889167	0.005811455636394886	
9.62999999999984	0.009039477222178773	0.0057688985511816435	
9.639999999999839	0.008977436175662084	0.005726634610859652	
9.649999999999839	0.008915792213778476	0.005684661977715351	
9.659999999999838	0.008854543064405293	0.00564297882374135	
9.669999999999838	0.008793686465836666	0.005601583330604091	
9.679999999999838	0.008733220166762054	0.005560473689611448	
9.689999999999838	0.00867314192624451	0.005519648101680202	
9.699999999999838	0.008613449513698688	0.0054791047773034215	
9.709999999999837	0.008554140708868577	0.005438841936517681	
9.719999999999837	0.008495213301804982	0.005398857808870287	
9.729999999999837	0.008436665092842749	0.005359150633386289	
9.739999999999837	0.008378493892577743	0.005319718658535464	
9.749999999999837	0.008320697521843579	0.005280560142199199	
9.759999999999836	0.008263273811688116	0.005241673351637237	
9.769999999999836	0.008206220603349707	0.0052030565634544395	
9.779999999999836	0.008149535748233237	0.005164708063567357	
9.789999999999836	0.008093217107885908	0.005126626147170789	
9.799999999999836	0.008037262553972824	0.005088809118704246	
9.809999999999835	0.00798166996825235	0.005051255291818346	
9.819999999999835	0.007926437242551251	0.0050139629893411084	
9.829999999999835	0.007871562278739638	0.004976930543244257	
9.839999999999835	0.007817042988705683	0.004940156294609383	
9.849999999999834	0.007762877294330168	0.004903638593594086	
9.859999999999834	0.0077090631274607975	0.004867375799398054	
9.869999999999834	0.007655598429886351	0.00483136628022905	
9.879999999999834	0.007602481153310628	0.004795608413268942	
9.889999999999834	0.007549709259326218	0.004760100584639575	
9.899999999999833	0.007497280719388081	0.004724841189368665	
9.909999999999833	0.007445193514786952	0.004689828631355625	
9.919999999999833	0.0073934456366225865	0.004655061323337362	
9.929999999999833	0.00734203508577681	0.004620537686854002	
9.939999999999833	0.007290959872886431	0.004586256152214649	
9.949999999999832	0.007240218018315972	0.004552215158463046	
9.959999999999832	0.00718980755213024	0.004518413153343227	
9.969999999999832	0.007139726514066772	0.004484848593265157	
9.979999999999832	0.0070899729535080875	0.004451519943270306	
9.989999999999831	0.007040544929453824	0.004418425676997266	
9.999999999999831	0.006991440510492713	0.004385564276647284	
