16.518 -40.503
16.506 -40.503
16.494 -40.503
16.487 -40.503
16.479 -40.503
16.468 -40.503
16.461 -40.503
16.453 -40.503
16.445 -40.503
16.434 -40.503
16.420 -40.503
16.406 -40.503
16.393 -40.503
16.381 -40.503
16.373 -40.503
16.368 -40.503
16.361 -40.503
16.355 -40.503
16.350 -40.503
16.341 -40.503
16.331 -40.503
16.321 -40.503
16.309 -40.503
16.298 -40.503
16.286 -40.503
16.276 -40.503
16.267 -40.503
16.257 -1.198
16.246 -1.566
16.238 -1.751
16.229 -1.834
16.221 -99.991
16.217 -99.200
16.207 -96.954
16.196 -94.576
16.189 -93.227
16.179 -91.213
16.172 -89.751
16.165 -88.419
16.154 -86.228
16.142 -84.076
16.135 -82.776
16.129 -81.656
16.121 -80.368
16.115 -79.316
16.108 -78.044
16.097 -76.216
16.085 -74.338
16.075 -72.718
16.067 -71.559
16.062 -70.742
16.055 -69.748
16.048 -68.667
16.040 -67.509
16.032 -66.392
16.024 -65.210
16.014 -63.974
16.006 -62.789
15.998 -61.838
15.988 -60.560
15.974 -58.834
15.961 -57.216
15.948 -55.697
15.935 -54.267
15.924 -53.051
15.913 -51.895
15.903 -50.797
15.891 -49.639
15.880 -48.542
15.869 -47.501
15.860 -46.608
15.852 -45.847
15.843 -45.116
15.832 -44.155
15.823 -43.324
15.814 -42.608
15.805 -41.846
15.796 -41.117
15.787 -40.418
15.778 -39.749
15.773 -39.234
15.768 -38.808
15.761 -38.318
15.753 -37.726
15.744 -37.162
15.736 -36.615
15.729 -36.090
15.721 -35.585
15.713 -35.103
15.706 -34.629
15.699 -34.176
15.691 -33.739
15.684 -33.317
15.677 -32.909
15.671 -32.514
15.664 -32.132
15.659 -31.835
15.654 -31.581
15.648 -31.229
15.641 -30.887
15.635 -30.556
15.629 -30.236
15.622 -29.893
15.616 -29.591
15.611 -29.327
15.605 -29.042
15.599 -28.765
15.593 -28.495
15.588 -28.233
15.582 -27.978
15.576 -27.731
15.571 -27.489
15.566 -27.253
15.560 -27.024
15.555 -26.801
15.550 -26.583
15.545 -26.371
15.540 -26.164
15.535 -25.963
15.530 -25.766
15.525 -25.574
15.520 -25.387
15.515 -22.071
15.511 -21.397
15.506 -21.243
15.501 -21.050
15.497 -20.863
15.492 -20.679
15.488 -20.558
15.483 -20.375
15.479 -20.222
15.475 -20.062
15.470 -19.926
15.466 -19.831
15.462 -19.625
15.458 -19.471
15.454 -19.374
15.449 -19.218
15.445 -19.090
15.441 -18.957
15.437 -18.858
15.433 -18.655
15.430 -18.460
15.426 -18.324
15.422 -18.175
15.418 -18.058
15.414 -17.965
15.410 -17.854
15.407 -17.743
15.403 -17.667
15.399 -17.638
15.396 -17.598
15.392 -17.835
15.389 -17.437
15.385 -17.234
15.382 -17.122
15.378 -17.044
15.375 -16.963
15.371 -16.876
15.368 -16.803
15.365 -16.710
15.361 -16.647
15.358 -16.550
15.355 -16.494
15.351 -16.412
15.348 -16.334
15.345 -16.248
15.342 -16.181
15.339 -16.105
15.335 -16.031
15.332 -15.960
15.329 -15.875
15.326 -15.798
15.323 -15.729
15.320 -15.647
15.318 -15.579
15.316 -15.561
15.314 -15.500
15.311 -15.422
15.308 -15.375
15.305 -15.297
15.302 -15.208
15.299 -15.133
15.297 -15.128
15.296 -15.059
15.294 -14.910
15.291 -14.257
15.288 -14.135
15.285 -13.934
15.282 -13.930
15.280 -13.650
15.277 -13.561
15.274 -13.516
15.271 -13.448
15.269 -13.399
15.266 -13.337
15.263 -13.251
15.261 -13.107
15.258 -13.218
15.255 -13.019
15.254 -13.120
15.252 -12.912
15.250 -12.689
15.248 -12.521
15.245 -12.415
15.243 -12.374
15.240 -12.275
15.238 -12.207
15.235 -12.108
15.233 -11.986
15.230 -12.008
15.228 -11.962
15.225 -11.840
15.223 -11.809
15.220 -11.757
15.218 -11.756
15.216 -11.682
15.213 -11.631
15.211 -11.726
15.208 -11.593
15.206 -11.509
15.204 -11.462
15.202 -11.423
15.199 -11.339
15.197 -11.337
15.195 -11.286
15.192 -11.273
15.190 -11.434
15.188 -11.174
15.186 -11.139
15.183 -11.050
15.181 -11.049
15.179 -11.026
15.177 -10.994
15.175 -10.979
15.173 -10.926
15.170 -10.989
15.168 -10.870
15.166 -10.823
15.164 -10.797
15.162 -10.781
15.160 -10.781
15.159 -10.702
15.158 -10.684
15.156 -10.530
15.154 -10.265
15.152 -10.074
15.149 -10.154
15.147 -10.048
15.145 -9.919
15.143 -9.968
15.141 -10.056
15.139 -10.057
15.137 -9.847
15.135 -9.868
15.133 -9.874
15.131 -9.993
15.129 -9.798
15.128 -9.620
15.126 -9.639
15.124 -9.799
15.122 -9.916
15.120 -9.905
15.118 -9.665
15.116 -9.799
15.114 -9.649
15.112 -9.699
15.110 -9.744
15.109 -9.728
15.107 -9.885
15.105 -9.626
15.103 -9.816
15.101 -9.724
15.099 -9.883
15.098 -9.776
15.096 -9.739
15.094 -9.732
15.092 -9.462
15.090 -9.479
15.089 -9.382
15.087 -9.343
15.085 -9.455
15.083 -9.527
15.081 -9.898
15.080 -9.678
15.078 -9.525
15.077 -9.761
15.076 -9.893
15.075 -9.885
15.073 -9.707
15.071 -9.621
15.069 -9.265
15.068 -9.283
15.066 -9.053
15.064 -9.066
15.063 -9.125
15.061 -9.223
15.059 -9.250
15.058 -9.099
15.056 -8.745
15.054 -8.617
15.053 -8.422
15.051 -8.665
15.049 -8.604
15.048 -8.474
15.046 -8.679
15.045 -8.569
15.043 -8.784
15.041 -9.025
15.040 -8.862
15.038 -9.070
15.037 -8.890
15.035 -8.720
15.034 -8.769
15.032 -9.046
15.030 -9.364
15.029 -9.269
15.027 -8.828
15.026 -8.684
15.024 -8.827
15.023 -9.120
15.021 -9.387
15.020 -8.950
15.018 -8.640
15.017 -8.582
15.015 -8.363
15.013 -8.224
15.010 -8.263
15.007 -8.312
15.004 -8.307
15.001 -8.318
14.998 -8.356
14.995 -8.257
14.993 -8.236
14.990 -8.142
14.987 -8.214
14.984 -8.078
14.981 -8.099
14.979 -8.104
14.976 -8.057
14.973 -8.114
14.970 -8.076
14.968 -8.145
14.965 -7.980
14.962 -7.878
14.960 -7.889
14.957 -7.928
14.954 -7.918
14.952 -7.932
14.949 -8.095
14.947 -8.006
14.944 -8.000
14.942 -7.953
14.939 -7.967
14.936 -7.926
14.934 -7.853
14.932 -7.823
14.929 -7.859
14.927 -7.789
14.924 -7.977
14.922 -7.951
14.919 -7.853
14.917 -7.829
14.916 -7.805
14.915 -7.750
14.912 -7.702
14.910 -7.750
14.907 -7.746
14.905 -7.965
14.903 -7.900
14.900 -7.751
14.898 -7.734
14.896 -7.776
14.894 -8.084
14.891 -7.900
14.889 -7.890
14.887 -7.780
14.885 -7.684
14.882 -7.986
14.880 -7.718
14.878 -7.883
14.876 -7.547
14.874 -7.505
14.872 -7.516
14.869 -7.538
14.867 -7.558
14.865 -7.463
14.863 -7.476
14.861 -7.483
14.859 -7.498
14.857 -7.475
14.855 -7.507
14.853 -7.489
14.850 -7.514
14.848 -7.489
14.846 -7.528
14.844 -7.554
14.842 -7.630
14.840 -7.448
14.838 -7.457
14.836 -7.418
14.834 -7.465
14.832 -7.426
14.830 -7.375
14.828 -7.370
14.827 -7.343
14.825 -7.330
14.823 -7.287
14.821 -7.325
14.819 -7.302
14.817 -7.279
14.815 -7.293
14.813 -7.283
14.811 -7.283
14.809 -7.278
14.808 -7.264
14.806 -7.267
14.804 -7.279
14.802 -7.259
14.800 -7.249
14.798 -7.245
14.796 -7.243
14.795 -7.242
14.793 -7.235
14.791 -7.248
14.789 -7.291
14.788 -7.245
14.786 -7.237
14.784 -7.249
14.782 -7.231
14.780 -7.220
14.779 -7.242
14.777 -7.259
14.775 -7.231
14.774 -7.234
14.772 -7.216
14.770 -7.227
14.768 -7.220
14.767 -7.226
14.765 -7.241
14.763 -7.326
14.762 -7.306
14.760 -7.233
14.758 -7.211
14.757 -7.186
14.755 -7.246
14.753 -7.185
14.752 -7.166
14.750 -7.214
14.748 -7.176
14.747 -7.177
14.745 -7.176
14.744 -7.190
14.742 -7.174
14.740 -7.164
14.739 -7.162
14.737 -7.162
14.736 -7.159
14.734 -7.153
14.733 -7.143
14.731 -7.154
14.729 -7.162
14.728 -7.146
14.726 -7.138
14.725 -7.135
14.723 -7.141
14.722 -7.134
14.720 -7.139
14.719 -7.114
14.717 -7.123
14.716 -7.117
14.714 -7.126
14.713 -7.114
14.711 -7.106
14.710 -7.113
14.708 -7.110
14.707 -7.165
14.705 -7.109
14.704 -7.106
14.702 -7.103
14.701 -7.099
14.699 -7.100
14.698 -7.104
14.697 -7.100
14.695 -7.091
14.694 -7.092
14.692 -7.098
14.691 -7.098
14.689 -7.112
14.688 -7.101
14.687 -7.117
14.685 -7.090
14.684 -7.087
14.682 -7.095
14.681 -7.102
14.680 -7.086
14.678 -7.082
14.677 -7.090
14.675 -7.088
14.674 -7.084
14.673 -7.084
14.671 -7.078
14.670 -7.085
14.669 -7.079
14.667 -7.084
14.666 -7.083
14.665 -7.084
14.663 -7.073
14.662 -7.071
14.661 -7.079
14.659 -7.113
14.658 -7.071
14.657 -7.065
14.655 -7.066
14.654 -7.065
14.653 -7.068
14.651 -7.061
14.650 -7.066
14.649 -7.059
14.648 -7.061
14.646 -7.059
14.645 -7.060
14.644 -7.060
14.642 -7.055
14.641 -7.061
14.640 -7.056
14.639 -7.055
14.637 -7.055
14.636 -7.055
14.635 -7.054
14.634 -7.053
14.632 -7.052
14.631 -7.060
14.630 -7.053
14.629 -7.050
14.627 -7.052
14.626 -7.051
14.625 -7.048
14.624 -7.053
14.623 -7.055
14.621 -7.052
14.620 -7.060
14.619 -7.051
14.618 -7.048
14.616 -7.045
14.615 -7.045
14.614 -7.053
14.613 -7.046
14.612 -7.047
14.611 -7.043
14.609 -7.042
14.608 -7.048
14.607 -7.050
14.606 -7.045
14.605 -7.043
14.604 -7.039
14.602 -7.042
14.601 -7.040
14.600 -7.037
14.599 -7.035
14.598 -7.037
14.597 -7.036
14.595 -7.038
14.594 -7.034
14.593 -7.034
14.592 -7.043
14.591 -7.034
14.590 -7.035
14.589 -7.034
14.588 -7.037
14.586 -7.029
14.585 -7.028
14.584 -7.030
14.583 -7.033
14.582 -7.031
14.581 -7.027
14.580 -7.028
14.579 -7.032
14.578 -7.039
14.576 -7.037
14.575 -7.028
14.574 -7.027
14.573 -7.031
14.572 -7.029
14.571 -7.031
14.570 -7.027
14.569 -7.033
14.568 -7.029
14.567 -7.026
14.566 -7.026
14.565 -7.026
14.564 -7.038
14.562 -7.033
14.561 -7.032
14.560 -7.026
14.559 -7.023
14.558 -7.023
14.557 -7.030
14.556 -7.032
14.555 -7.028
14.554 -7.024
14.553 -7.033
14.552 -7.022
14.551 -7.028
14.550 -7.024
14.549 -7.027
14.548 -7.030
14.547 -7.046
14.546 -7.034
14.545 -7.096
14.544 -7.021
14.543 -7.025
14.542 -7.024
14.541 -7.020
14.540 -7.026
14.539 -7.083
14.538 -7.033
14.537 -7.023
14.536 -7.024
14.535 -7.025
14.534 -7.019
14.533 -7.021
14.532 -7.033
14.531 -7.023
14.530 -7.019
14.529 -7.026
14.528 -7.017
14.527 -7.015
14.526 -7.020
14.525 -7.019
14.524 -7.017
14.523 -7.016
14.522 -7.032
14.521 -7.019
14.520 -7.012
14.519 -7.016
14.518 -7.025
14.517 -7.021
14.516 -7.014
14.515 -7.019
14.514 -7.020
14.514 -7.018
14.513 -7.026
14.512 -7.030
14.511 -7.029
14.510 -7.021
14.509 -7.020
14.508 -7.017
14.507 -7.018
14.506 -7.018
14.505 -7.018
14.504 -7.019
14.503 -7.033
14.502 -7.022
14.501 -7.026
14.500 -7.018
14.500 -7.016
14.499 -7.017
14.498 -7.019
14.497 -7.027
14.496 -7.019
14.495 -7.015
14.494 -7.017
14.493 -7.019
14.492 -7.020
14.491 -7.020
14.490 -7.015
14.490 -7.016
14.489 -7.016
14.488 -7.018
14.487 -7.017
14.486 -7.019
14.485 -7.014
14.484 -7.016
14.483 -7.013
14.483 -7.015
14.482 -7.015
14.481 -7.016
14.480 -7.012
14.479 -7.012
14.478 -7.012
14.477 -7.013
14.476 -7.014
14.474 -7.017
14.471 -7.012
14.469 -7.016
14.467 -7.013
14.465 -7.011
14.463 -7.014
14.461 -7.014
14.459 -7.012
14.457 -7.014
14.455 -7.012
14.453 -7.014
14.450 -7.015
14.448 -7.020
14.446 -7.016
14.444 -7.018
14.442 -7.025
14.440 -7.022
14.438 -7.023
14.436 -7.030
14.434 -7.025
14.432 -7.021
14.431 -7.022
14.429 -7.021
14.427 -7.020
14.425 -7.025
14.423 -7.020
14.421 -7.022
14.419 -7.024
14.417 -7.018
14.415 -7.017
14.413 -7.020
14.411 -7.023
14.410 -7.021
14.408 -7.016
14.406 -7.021
14.404 -7.025
14.402 -7.023
14.400 -7.015
14.399 -7.031
14.397 -7.023
14.395 -7.026
14.393 -7.020
14.391 -7.016
14.390 -7.016
14.388 -7.018
14.386 -7.017
14.384 -7.017
14.383 -7.019
14.381 -7.016
14.379 -7.018
14.377 -7.017
14.376 -7.018
14.374 -7.020
14.372 -7.017
14.370 -7.017
14.369 -7.037
14.367 -7.019
14.365 -7.020
14.364 -7.017
14.362 -7.020
14.360 -7.017
14.359 -7.024
14.357 -7.023
14.355 -7.018
14.354 -7.022
14.352 -7.020
14.351 -7.020
14.349 -7.018
14.347 -7.019
14.346 -7.018
14.344 -7.023
14.342 -7.021
14.341 -7.021
14.339 -7.020
14.338 -7.020
14.336 -7.019
14.335 -7.019
14.333 -7.019
14.331 -7.020
14.330 -7.023
14.328 -7.021
14.327 -7.026
14.325 -7.022
14.324 -7.028
14.322 -7.034
14.321 -7.024
14.319 -7.022
14.318 -7.033
14.316 -7.023
14.315 -7.030
14.313 -7.027
14.312 -7.026
14.310 -7.026
14.309 -7.031
14.307 -7.029
14.306 -7.028
14.304 -7.042
14.303 -7.023
14.301 -7.027
14.300 -7.048
14.299 -7.038
14.297 -7.027
14.296 -7.025
14.294 -7.030
14.293 -7.026
14.291 -7.027
14.290 -7.027
14.289 -7.025
14.287 -7.026
14.286 -7.030
14.284 -7.030
14.283 -7.026
14.282 -7.033
14.280 -7.031
14.279 -7.051
14.277 -7.036
14.276 -7.048
14.275 -7.038
14.273 -7.037
14.271 -7.036
14.269 -7.040
14.266 -7.037
14.263 -7.042
14.261 -7.046
14.258 -7.044
14.255 -7.047
14.253 -7.057
14.250 -7.062
14.248 -7.055
14.245 -7.064
14.243 -7.069
14.240 -7.074
14.238 -7.086
14.235 -7.082
14.233 -7.081
14.230 -7.085
14.228 -7.089
14.225 -7.091
14.223 -7.094
14.220 -7.100
14.218 -7.112
14.216 -7.111
14.213 -7.112
14.211 -7.121
14.208 -7.119
14.206 -7.127
14.204 -7.148
14.202 -7.132
14.199 -7.144
14.197 -7.137
14.195 -7.142
14.192 -7.145
14.190 -7.152
14.188 -7.169
14.186 -7.156
14.183 -7.160
14.181 -7.167
14.179 -7.167
14.177 -7.170
14.175 -7.171
14.173 -7.172
14.170 -7.180
14.168 -7.186
14.166 -7.183
14.164 -7.188
14.162 -7.196
14.160 -7.196
14.158 -7.199
14.156 -7.206
14.154 -7.205
14.152 -7.209
14.149 -7.213
14.147 -7.215
14.145 -7.218
14.143 -7.221
14.141 -7.239
14.139 -7.233
14.137 -7.235
14.135 -7.234
14.133 -7.243
14.131 -7.240
14.129 -7.245
14.128 -7.248
14.126 -7.251
14.124 -7.255
14.122 -7.259
14.120 -7.260
14.118 -7.268
14.116 -7.274
14.114 -7.272
14.112 -7.276
14.110 -7.287
14.109 -7.287
14.107 -7.285
14.105 -7.298
14.103 -7.294
14.101 -7.299
14.099 -7.310
14.098 -7.304
14.096 -7.306
14.094 -7.318
14.092 -7.315
14.090 -7.317
14.089 -7.323
14.087 -7.330
14.085 -7.325
14.083 -7.332
14.081 -7.341
14.080 -7.334
14.078 -7.337
14.076 -7.343
14.075 -7.342
14.073 -7.345
14.071 -7.352
14.069 -7.353
14.068 -7.355
14.066 -7.355
14.064 -7.366
14.063 -7.363
14.061 -7.364
14.059 -7.368
14.058 -7.384
14.056 -7.376
14.054 -7.379
14.053 -7.381
14.051 -7.386
14.049 -7.383
14.048 -7.385
14.046 -7.388
14.045 -7.390
14.043 -7.394
14.041 -7.396
14.040 -7.399
14.038 -7.400
14.037 -7.405
14.035 -7.408
14.034 -7.410
14.032 -7.412
14.030 -7.414
14.029 -7.417
14.027 -7.419
14.026 -7.422
14.024 -7.424
14.023 -7.428
14.021 -7.430
14.020 -7.433
14.018 -7.437
14.017 -7.438
14.015 -7.440
14.014 -7.443
14.012 -7.445
14.011 -7.451
14.009 -7.451
14.008 -7.454
14.006 -7.456
14.005 -7.459
14.003 -7.461
14.002 -7.464
14.000 -7.467
13.999 -7.470
13.998 -7.471
13.996 -7.474
13.995 -7.480
13.993 -7.481
13.992 -7.482
13.990 -7.485
13.989 -7.486
13.988 -7.490
13.986 -7.493
13.985 -7.494
13.983 -7.501
13.982 -7.499
13.981 -7.502
13.979 -7.504
13.978 -7.508
13.976 -7.509
13.975 -7.512
13.974 -7.514
13.972 -7.516
13.970 -7.520
13.968 -7.525
13.965 -7.530
13.962 -7.535
13.960 -7.542
13.957 -7.546
13.954 -7.551
13.952 -7.554
13.949 -7.559
13.947 -7.565
13.944 -7.570
13.942 -7.572
13.939 -7.577
13.936 -7.581
13.934 -7.586
13.932 -7.590
13.929 -7.595
13.927 -7.599
13.924 -7.604
13.922 -7.609
13.919 -7.612
13.917 -7.617
13.915 -7.623
13.912 -7.628
13.910 -7.634
13.907 -7.638
13.905 -7.641
13.903 -7.649
13.900 -7.649
13.898 -7.653
13.896 -7.657
13.894 -7.660
13.891 -7.663
13.889 -7.669
13.887 -7.673
13.885 -7.676
13.882 -7.680
13.880 -7.686
13.878 -7.688
13.876 -7.695
13.874 -7.698
13.872 -7.700
13.869 -7.708
13.867 -7.709
13.865 -7.713
13.863 -7.716
13.861 -7.719
13.859 -7.724
13.857 -7.728
13.855 -7.732
13.853 -7.739
13.850 -7.738
13.848 -7.743
13.846 -7.746
13.844 -7.757
13.842 -7.765
13.840 -7.765
13.838 -7.777
13.836 -7.782
13.834 -7.783
13.832 -7.797
13.830 -7.796
13.828 -7.799
13.827 -7.810
13.825 -7.808
13.823 -7.812
13.821 -7.822
13.819 -7.821
13.817 -7.822
13.815 -7.833
13.813 -7.831
13.811 -7.835
13.809 -7.840
13.808 -7.840
13.806 -7.842
13.804 -7.847
13.802 -7.847
13.800 -7.851
13.798 -7.855
13.796 -7.857
13.795 -7.862
13.793 -7.862
13.791 -7.867
13.789 -7.870
13.788 -7.873
13.786 -7.876
13.784 -7.879
13.782 -7.883
13.780 -7.885
13.779 -7.888
13.777 -7.893
13.775 -7.893
13.774 -7.898
13.772 -7.900
13.770 -7.902
13.768 -7.907
13.767 -7.909
13.765 -7.912
13.763 -7.913
13.762 -7.918
13.760 -7.921
13.758 -7.924
13.757 -7.926
13.755 -7.927
13.753 -7.933
13.752 -7.935
13.750 -7.938
13.748 -7.940
13.747 -7.943
13.745 -7.945
13.744 -7.948
13.742 -7.953
13.740 -7.954
13.739 -7.957
13.737 -7.960
13.736 -7.962
13.734 -7.963
13.733 -7.969
13.731 -7.969
13.729 -7.974
13.728 -7.976
13.726 -7.979
13.725 -7.980
13.723 -7.983
13.722 -7.987
13.720 -7.988
13.719 -7.991
13.717 -7.994
13.716 -7.997
13.714 -7.999
13.713 -8.002
13.711 -8.005
13.710 -8.007
13.708 -8.010
13.707 -8.014
13.705 -8.015
13.704 -8.018
13.702 -8.021
13.701 -8.023
13.699 -8.025
13.698 -8.028
13.697 -8.030
13.695 -8.033
13.694 -8.036
13.692 -8.039
13.691 -8.042
13.689 -8.044
13.688 -8.046
13.687 -8.048
13.685 -8.051
13.684 -8.053
13.682 -8.057
13.681 -8.060
13.680 -8.062
13.678 -8.064
13.677 -8.067
13.675 -8.068
13.674 -8.071
13.673 -8.074
13.671 -8.077
13.669 -8.080
13.667 -8.085
13.664 -8.091
13.661 -8.095
13.659 -8.100
13.656 -8.105
13.653 -8.110
13.651 -8.115
13.648 -8.120
13.646 -8.124
13.643 -8.129
13.640 -8.134
13.638 -8.139
13.635 -8.144
13.633 -8.148
13.630 -8.154
13.628 -8.158
13.626 -8.162
13.623 -8.167
13.621 -8.172
13.618 -8.176
13.616 -8.181
13.613 -8.185
13.611 -8.190
13.609 -8.194
13.606 -8.199
13.604 -8.204
13.602 -8.208
13.599 -8.212
13.597 -8.217
13.595 -8.221
13.593 -8.225
13.590 -8.230
13.588 -8.234
13.586 -8.238
13.584 -8.243
13.581 -8.247
13.579 -8.251
13.577 -8.255
13.575 -8.260
13.573 -8.264
13.570 -8.268
13.568 -8.272
13.566 -8.277
13.564 -8.280
13.562 -8.284
13.560 -8.288
13.558 -8.292
13.556 -8.297
13.554 -8.301
13.552 -8.304
13.549 -8.308
13.547 -8.312
13.545 -8.316
13.543 -8.320
13.541 -8.324
13.539 -8.328
13.537 -8.332
13.535 -8.336
13.533 -8.340
13.531 -8.344
13.529 -8.347
13.527 -8.351
13.525 -8.355
13.524 -8.359
13.522 -8.362
13.520 -8.366
13.518 -8.370
13.516 -8.374
13.514 -8.377
13.512 -8.381
13.510 -8.384
13.508 -8.388
13.506 -8.392
13.505 -8.395
13.503 -8.399
13.501 -8.402
13.499 -8.406
13.497 -8.409
13.495 -8.413
13.494 -8.416
13.492 -8.420
13.490 -8.423
13.488 -8.427
13.486 -8.431
13.485 -8.434
13.483 -8.437
13.481 -8.441
13.479 -8.444
13.478 -8.447
13.476 -8.451
13.176 -9.039
12.875 -9.639
12.699 -9.993
12.574 -10.245
