16.518 -40.503
16.506 -40.503
16.494 -40.503
16.487 -40.503
16.479 -40.503
16.468 -40.503
16.461 -40.503
16.453 -40.503
16.445 -40.503
16.434 -40.503
16.420 -40.503
16.406 -40.503
16.393 -40.503
16.381 -40.503
16.373 -40.503
16.368 -40.503
16.361 -40.503
16.355 -40.503
16.350 -40.503
16.341 -40.503
16.331 -40.503
16.321 -40.503
16.309 -40.503
16.298 -40.503
16.286 -40.503
16.276 -40.503
16.267 -40.503
16.257 -40.503
16.246 -40.503
16.238 -40.503
16.229 -88.014
16.221 -86.435
16.217 -85.757
16.207 -83.832
16.196 -81.794
16.189 -80.639
16.179 -78.914
16.172 -77.661
16.165 -76.520
16.154 -74.644
16.142 -72.802
16.135 -71.688
16.129 -70.730
16.121 -69.628
16.115 -68.728
16.108 -67.639
16.097 -66.075
16.085 -64.468
16.075 -63.083
16.067 -62.092
16.062 -61.393
16.055 -60.543
16.048 -59.619
16.040 -58.629
16.032 -57.674
16.024 -56.665
16.014 -55.608
16.006 -54.596
15.998 -53.784
15.988 -52.692
15.974 -51.219
15.961 -49.838
15.948 -48.542
15.935 -47.322
15.924 -46.285
15.913 -45.300
15.903 -44.364
15.891 -43.378
15.880 -42.443
15.869 -41.556
15.860 -40.796
15.852 -40.149
15.843 -39.527
15.832 -38.709
15.823 -38.003
15.814 -37.394
15.805 -36.746
15.796 -36.127
15.787 -35.533
15.778 -34.965
15.773 -34.510
15.768 -34.140
15.761 -33.725
15.753 -33.222
15.744 -32.745
15.736 -32.281
15.729 -31.837
15.721 -31.409
15.713 -31.002
15.706 -30.600
15.699 -30.218
15.691 -29.848
15.684 -29.491
15.677 -29.146
15.671 -28.813
15.664 -28.490
15.659 -28.239
15.654 -28.026
15.648 -27.728
15.641 -27.440
15.635 -27.161
15.629 -26.892
15.622 -26.602
15.616 -26.348
15.611 -26.126
15.605 -25.886
15.599 -25.653
15.593 -25.426
15.588 -25.205
15.582 -24.991
15.576 -24.785
15.571 -24.581
15.566 -24.382
15.560 -24.190
15.555 -24.003
15.550 -23.820
15.545 -23.642
15.540 -23.469
15.535 -23.301
15.530 -23.136
15.525 -22.975
15.520 -22.818
15.515 -19.871
15.511 -19.321
15.506 -19.161
15.501 -18.991
15.497 -18.832
15.492 -18.673
15.488 -18.536
15.483 -18.390
15.479 -18.250
15.475 -18.102
15.470 -17.968
15.466 -17.846
15.462 -17.703
15.458 -17.575
15.454 -17.451
15.449 -17.328
15.445 -17.206
15.441 -17.086
15.437 -16.971
15.433 -16.496
15.430 -16.005
15.426 -15.835
15.422 -15.667
15.418 -15.553
15.414 -15.484
15.410 -15.364
15.407 -15.261
15.403 -15.215
15.399 -15.326
15.396 -15.312
15.392 -15.754
15.389 -15.201
15.385 -14.879
15.382 -14.704
15.378 -14.587
15.375 -14.553
15.371 -14.453
15.368 -14.369
15.365 -14.288
15.361 -14.254
15.358 -14.163
15.355 -14.115
15.351 -14.056
15.348 -13.990
15.345 -13.932
15.342 -13.879
15.339 -13.828
15.335 -13.776
15.332 -13.724
15.329 -13.652
15.326 -13.594
15.323 -13.539
15.320 -13.479
15.318 -13.406
15.316 -13.410
15.314 -13.354
15.311 -13.292
15.308 -13.269
15.305 -13.200
15.302 -13.115
15.299 -13.049
15.297 -13.070
15.296 -12.999
15.294 -12.859
15.291 -12.446
15.288 -12.359
15.285 -12.216
15.282 -12.226
15.280 -12.051
15.277 -11.980
15.274 -11.931
15.271 -11.879
15.269 -11.826
15.266 -11.771
15.263 -11.707
15.261 -11.589
15.258 -11.721
15.255 -11.517
15.254 -11.614
15.252 -11.449
15.250 -11.276
15.248 -11.146
15.245 -11.009
15.243 -10.864
15.240 -10.765
15.238 -10.575
15.235 -10.500
15.233 -10.243
15.230 -10.491
15.228 -10.324
15.225 -10.138
15.223 -9.993
15.220 -10.119
15.218 -10.225
15.216 -10.196
15.213 -10.095
15.211 -10.383
15.208 -10.036
15.206 -9.831
15.204 -9.827
15.202 -9.786
15.199 -9.716
15.197 -9.771
15.195 -9.682
15.192 -9.798
15.190 -10.125
15.188 -9.642
15.186 -9.602
15.183 -9.490
15.181 -9.596
15.179 -9.618
15.177 -9.529
15.175 -9.547
15.173 -9.460
15.170 -9.608
15.168 -9.371
15.166 -9.305
15.164 -9.340
15.162 -9.334
15.160 -9.338
15.159 -9.132
15.158 -9.165
15.156 -9.048
15.154 -8.828
15.152 -8.677
15.149 -8.743
15.147 -8.728
15.145 -8.570
15.143 -8.585
15.141 -8.698
15.139 -8.680
15.137 -8.500
15.135 -8.504
15.133 -8.553
15.131 -8.692
15.129 -8.554
15.128 -8.414
15.126 -8.440
15.124 -8.603
15.122 -8.682
15.120 -8.630
15.118 -8.460
15.116 -8.591
15.114 -8.444
15.112 -8.519
15.110 -8.573
15.109 -8.713
15.107 -8.935
15.105 -8.540
15.103 -8.875
15.101 -8.714
15.099 -9.024
15.098 -8.860
15.096 -8.868
15.094 -8.748
15.092 -8.414
15.090 -8.451
15.089 -8.363
15.087 -8.320
15.085 -8.389
15.083 -8.449
15.081 -8.753
15.080 -8.583
15.078 -8.408
15.077 -8.774
15.076 -8.977
15.075 -8.922
15.073 -8.819
15.071 -8.750
15.069 -8.444
15.068 -8.473
15.066 -8.284
15.064 -8.326
15.063 -8.394
15.061 -8.507
15.059 -8.542
15.058 -8.379
15.056 -8.100
15.054 -7.943
15.053 -7.837
15.051 -8.015
15.049 -7.956
15.048 -7.872
15.046 -7.995
15.045 -7.917
15.043 -8.080
15.041 -8.166
15.040 -8.097
15.038 -8.382
15.037 -8.214
15.035 -8.052
15.034 -8.055
15.032 -8.363
15.030 -8.755
15.029 -8.653
15.027 -8.110
15.026 -7.900
15.024 -7.931
15.023 -8.149
15.021 -8.494
15.020 -7.967
15.018 -7.813
15.017 -7.866
15.015 -7.756
15.013 -7.663
15.010 -7.708
15.007 -7.719
15.004 -7.690
15.001 -7.695
14.998 -7.685
14.995 -7.653
14.993 -7.631
14.990 -7.613
14.987 -7.636
14.984 -7.591
14.981 -7.590
14.979 -7.609
14.976 -7.577
14.973 -7.615
14.970 -7.572
14.968 -7.626
14.965 -7.526
14.962 -7.461
14.960 -7.470
14.957 -7.476
14.954 -7.471
14.952 -7.477
14.949 -7.560
14.947 -7.499
14.944 -7.488
14.942 -7.470
14.939 -7.464
14.936 -7.442
14.934 -7.410
14.932 -7.392
14.929 -7.408
14.927 -7.360
14.924 -7.445
14.922 -7.440
14.919 -7.407
14.917 -7.395
14.916 -7.387
14.915 -7.346
14.912 -7.327
14.910 -7.346
14.907 -7.334
14.905 -7.428
14.903 -7.384
14.900 -7.319
14.898 -7.283
14.896 -7.272
14.894 -7.459
14.891 -7.297
14.889 -7.292
14.887 -7.308
14.885 -7.236
14.882 -7.486
14.880 -7.269
14.878 -7.435
14.876 -7.162
14.874 -7.131
14.872 -7.128
14.869 -7.141
14.867 -7.148
14.865 -7.114
14.863 -7.147
14.861 -7.100
14.859 -7.095
14.857 -7.088
14.855 -7.104
14.853 -7.099
14.850 -7.120
14.848 -7.103
14.846 -7.127
14.844 -7.146
14.842 -7.210
14.840 -7.102
14.838 -7.126
14.836 -7.063
14.834 -7.088
14.832 -7.064
14.830 -7.043
14.828 -7.039
14.827 -7.023
14.825 -7.017
14.823 -6.990
14.821 -7.013
14.819 -7.002
14.817 -6.983
14.815 -6.997
14.813 -6.987
14.811 -6.989
14.809 -6.983
14.808 -6.974
14.806 -6.978
14.804 -6.991
14.802 -6.970
14.800 -6.964
14.798 -6.962
14.796 -6.961
14.795 -6.962
14.793 -6.957
14.791 -6.985
14.789 -7.039
14.788 -6.966
14.786 -6.959
14.784 -6.966
14.782 -6.952
14.780 -6.944
14.779 -6.959
14.777 -6.971
14.775 -6.951
14.774 -6.950
14.772 -6.937
14.770 -6.943
14.768 -6.937
14.767 -6.941
14.765 -6.949
14.763 -6.992
14.762 -6.985
14.760 -6.945
14.758 -6.939
14.757 -6.926
14.755 -6.965
14.753 -6.925
14.752 -6.915
14.750 -6.947
14.748 -6.920
14.747 -6.919
14.745 -6.919
14.744 -6.930
14.742 -6.917
14.740 -6.909
14.739 -6.911
14.737 -6.912
14.736 -6.908
14.734 -6.906
14.733 -6.899
14.731 -6.906
14.729 -6.911
14.728 -6.901
14.726 -6.896
14.725 -6.896
14.723 -6.901
14.722 -6.895
14.720 -6.897
14.719 -6.881
14.717 -6.889
14.716 -6.884
14.714 -6.889
14.713 -6.882
14.711 -6.877
14.710 -6.882
14.708 -6.880
14.707 -6.904
14.705 -6.879
14.704 -6.878
14.702 -6.876
14.701 -6.874
14.699 -6.875
14.698 -6.877
14.697 -6.876
14.695 -6.869
14.694 -6.869
14.692 -6.873
14.691 -6.874
14.689 -6.883
14.688 -6.879
14.687 -6.886
14.685 -6.870
14.684 -6.867
14.682 -6.873
14.681 -6.880
14.680 -6.867
14.678 -6.864
14.677 -6.871
14.675 -6.869
14.674 -6.868
14.673 -6.867
14.671 -6.864
14.670 -6.869
14.669 -6.864
14.667 -6.868
14.666 -6.867
14.665 -6.868
14.663 -6.862
14.662 -6.863
14.661 -6.882
14.659 -6.939
14.658 -6.867
14.657 -6.858
14.655 -6.859
14.654 -6.857
14.653 -6.859
14.651 -6.855
14.650 -6.858
14.649 -6.855
14.648 -6.857
14.646 -6.855
14.645 -6.855
14.644 -6.856
14.642 -6.853
14.641 -6.857
14.640 -6.854
14.639 -6.853
14.637 -6.854
14.636 -6.854
14.635 -6.853
14.634 -6.853
14.632 -6.852
14.631 -6.859
14.630 -6.854
14.629 -6.852
14.627 -6.853
14.626 -6.853
14.625 -6.853
14.624 -6.854
14.623 -6.855
14.621 -6.855
14.620 -6.860
14.619 -6.854
14.618 -6.853
14.616 -6.852
14.615 -6.851
14.614 -6.858
14.613 -6.852
14.612 -6.853
14.611 -6.850
14.609 -6.850
14.608 -6.855
14.607 -6.858
14.606 -6.854
14.605 -6.853
14.604 -6.850
14.602 -6.852
14.601 -6.851
14.600 -6.850
14.599 -6.848
14.598 -6.850
14.597 -6.849
14.595 -6.851
14.594 -6.848
14.593 -6.849
14.592 -6.855
14.591 -6.850
14.590 -6.851
14.589 -6.850
14.588 -6.852
14.586 -6.850
14.585 -6.847
14.584 -6.849
14.583 -6.851
14.582 -6.850
14.581 -6.847
14.580 -6.848
14.579 -6.850
14.578 -6.856
14.576 -6.854
14.575 -6.848
14.574 -6.848
14.573 -6.850
14.572 -6.850
14.571 -6.852
14.570 -6.849
14.569 -6.852
14.568 -6.849
14.567 -6.847
14.566 -6.848
14.565 -6.848
14.564 -6.858
14.562 -6.856
14.561 -6.855
14.560 -6.852
14.559 -6.848
14.558 -6.849
14.557 -6.854
14.556 -6.855
14.555 -6.853
14.554 -6.850
14.553 -6.854
14.552 -6.850
14.551 -6.854
14.550 -6.854
14.549 -6.854
14.548 -6.859
14.547 -6.873
14.546 -6.862
14.545 -6.921
14.544 -6.852
14.543 -6.856
14.542 -6.856
14.541 -6.852
14.540 -6.858
14.539 -6.913
14.538 -6.862
14.537 -6.855
14.536 -6.857
14.535 -6.866
14.534 -6.855
14.533 -6.854
14.532 -6.861
14.531 -6.856
14.530 -6.858
14.529 -6.871
14.528 -6.855
14.527 -6.853
14.526 -6.857
14.525 -6.854
14.524 -6.854
14.523 -6.854
14.522 -6.878
14.521 -6.863
14.520 -6.853
14.519 -6.858
14.518 -6.866
14.517 -6.860
14.516 -6.853
14.515 -6.854
14.514 -6.855
14.514 -6.854
14.513 -6.864
14.512 -6.886
14.511 -6.869
14.510 -6.860
14.509 -6.856
14.508 -6.855
14.507 -6.856
14.506 -6.856
14.505 -6.856
14.504 -6.857
14.503 -6.872
14.502 -6.860
14.501 -6.862
14.500 -6.857
14.500 -6.857
14.499 -6.859
14.498 -6.864
14.497 -6.892
14.496 -6.864
14.495 -6.859
14.494 -6.862
14.493 -6.863
14.492 -6.862
14.491 -6.864
14.490 -6.861
14.490 -6.860
14.489 -6.860
14.488 -6.863
14.487 -6.862
14.486 -6.863
14.485 -6.861
14.484 -6.862
14.483 -6.862
14.483 -6.864
14.482 -6.865
14.481 -6.866
14.480 -6.862
14.479 -6.863
14.478 -6.863
14.477 -6.864
14.476 -6.871
14.474 -6.879
14.471 -6.866
14.469 -6.869
14.467 -6.867
14.465 -6.867
14.463 -6.869
14.461 -6.870
14.459 -6.869
14.457 -6.873
14.455 -6.871
14.453 -6.874
14.450 -6.875
14.448 -6.883
14.446 -6.878
14.444 -6.879
14.442 -6.885
14.440 -6.884
14.438 -6.900
14.436 -6.890
14.434 -6.882
14.432 -6.880
14.431 -6.882
14.429 -6.883
14.427 -6.882
14.425 -6.888
14.423 -6.887
14.421 -6.887
14.419 -6.890
14.417 -6.885
14.415 -6.886
14.413 -6.888
14.411 -6.892
14.410 -6.893
14.408 -6.888
14.406 -6.896
14.404 -6.897
14.402 -6.897
14.400 -6.890
14.399 -6.902
14.397 -6.898
14.395 -6.900
14.393 -6.898
14.391 -6.894
14.390 -6.895
14.388 -6.898
14.386 -6.898
14.384 -6.898
14.383 -6.900
14.381 -6.899
14.379 -6.901
14.377 -6.902
14.376 -6.903
14.374 -6.904
14.372 -6.904
14.370 -6.908
14.369 -6.943
14.367 -6.910
14.365 -6.908
14.364 -6.907
14.362 -6.909
14.360 -6.908
14.359 -6.913
14.357 -6.914
14.355 -6.910
14.354 -6.914
14.352 -6.913
14.351 -6.914
14.349 -6.913
14.347 -6.914
14.346 -6.915
14.344 -6.918
14.342 -6.917
14.341 -6.919
14.339 -6.920
14.338 -6.920
14.336 -6.920
14.335 -6.920
14.333 -6.921
14.331 -6.923
14.330 -6.925
14.328 -6.924
14.327 -6.927
14.325 -6.925
14.324 -6.930
14.322 -6.934
14.321 -6.928
14.319 -6.927
14.318 -6.940
14.316 -6.930
14.315 -6.937
14.313 -6.934
14.312 -6.935
14.310 -6.934
14.309 -6.940
14.307 -6.940
14.306 -6.939
14.304 -6.950
14.303 -6.937
14.301 -6.941
14.300 -6.953
14.299 -6.949
14.297 -6.942
14.296 -6.942
14.294 -6.946
14.293 -6.944
14.291 -6.946
14.290 -6.947
14.289 -6.948
14.287 -6.948
14.286 -6.951
14.284 -6.953
14.283 -6.950
14.282 -6.956
14.280 -6.956
14.279 -6.969
14.277 -6.960
14.276 -6.972
14.275 -6.963
14.273 -6.963
14.271 -6.965
14.269 -6.970
14.266 -6.967
14.263 -6.975
14.261 -6.982
14.258 -6.976
14.255 -6.979
14.253 -6.991
14.250 -7.001
14.248 -6.989
14.245 -6.996
14.243 -7.000
14.240 -7.008
14.238 -7.030
14.235 -7.018
14.233 -7.015
14.230 -7.020
14.228 -7.023
14.225 -7.025
14.223 -7.028
14.220 -7.035
14.218 -7.059
14.216 -7.049
14.213 -7.047
14.211 -7.053
14.208 -7.054
14.206 -7.062
14.204 -7.096
14.202 -7.069
14.199 -7.077
14.197 -7.071
14.195 -7.076
14.192 -7.080
14.190 -7.088
14.188 -7.116
14.186 -7.093
14.183 -7.095
14.181 -7.100
14.179 -7.101
14.177 -7.105
14.175 -7.107
14.173 -7.109
14.170 -7.115
14.168 -7.122
14.166 -7.120
14.164 -7.124
14.162 -7.131
14.160 -7.132
14.158 -7.136
14.156 -7.142
14.154 -7.142
14.152 -7.146
14.149 -7.150
14.147 -7.153
14.145 -7.155
14.143 -7.161
14.141 -7.191
14.139 -7.172
14.137 -7.172
14.135 -7.172
14.133 -7.179
14.131 -7.179
14.129 -7.182
14.128 -7.186
14.126 -7.189
14.124 -7.194
14.122 -7.197
14.120 -7.199
14.118 -7.205
14.116 -7.206
14.114 -7.208
14.112 -7.212
14.110 -7.216
14.109 -7.220
14.107 -7.221
14.105 -7.225
14.103 -7.227
14.101 -7.233
14.099 -7.237
14.098 -7.237
14.096 -7.241
14.094 -7.246
14.092 -7.247
14.090 -7.251
14.089 -7.253
14.087 -7.260
14.085 -7.259
14.083 -7.264
14.081 -7.270
14.080 -7.269
14.078 -7.272
14.076 -7.275
14.075 -7.277
14.073 -7.281
14.071 -7.285
14.069 -7.288
14.068 -7.291
14.066 -7.292
14.064 -7.299
14.063 -7.299
14.061 -7.301
14.059 -7.307
14.058 -7.332
14.056 -7.314
14.054 -7.315
14.053 -7.317
14.051 -7.322
14.049 -7.323
14.048 -7.324
14.046 -7.326
14.045 -7.329
14.043 -7.332
14.041 -7.335
14.040 -7.337
14.038 -7.340
14.037 -7.347
14.035 -7.348
14.034 -7.349
14.032 -7.351
14.030 -7.353
14.029 -7.356
14.027 -7.359
14.026 -7.362
14.024 -7.364
14.023 -7.368
14.021 -7.370
14.020 -7.375
14.018 -7.382
14.017 -7.379
14.015 -7.381
14.014 -7.383
14.012 -7.386
14.011 -7.390
14.009 -7.391
14.008 -7.394
14.006 -7.396
14.005 -7.399
14.003 -7.402
14.002 -7.404
14.000 -7.408
13.999 -7.410
13.998 -7.412
13.996 -7.416
13.995 -7.425
13.993 -7.424
13.992 -7.423
13.990 -7.426
13.989 -7.427
13.988 -7.431
13.986 -7.433
13.985 -7.435
13.983 -7.441
13.982 -7.441
13.981 -7.443
13.979 -7.445
13.978 -7.449
13.976 -7.450
13.975 -7.453
13.974 -7.455
13.972 -7.457
13.970 -7.462
13.968 -7.466
13.965 -7.471
13.962 -7.476
13.960 -7.488
13.957 -7.488
13.954 -7.492
13.952 -7.495
13.949 -7.501
13.947 -7.506
13.944 -7.511
13.942 -7.514
13.939 -7.518
13.936 -7.523
13.934 -7.527
13.932 -7.532
13.929 -7.537
13.927 -7.541
13.924 -7.546
13.922 -7.550
13.919 -7.554
13.917 -7.558
13.915 -7.564
13.912 -7.569
13.910 -7.575
13.907 -7.579
13.905 -7.585
13.903 -7.593
13.900 -7.590
13.898 -7.595
13.896 -7.598
13.894 -7.602
13.891 -7.606
13.889 -7.611
13.887 -7.615
13.885 -7.618
13.882 -7.622
13.880 -7.627
13.878 -7.631
13.876 -7.637
13.874 -7.640
13.872 -7.643
13.869 -7.655
13.867 -7.652
13.865 -7.655
13.863 -7.658
13.861 -7.662
13.859 -7.667
13.857 -7.671
13.855 -7.674
13.853 -7.680
13.850 -7.681
13.848 -7.685
13.846 -7.689
13.844 -7.694
13.842 -7.699
13.840 -7.703
13.838 -7.709
13.836 -7.714
13.834 -7.716
13.832 -7.723
13.830 -7.725
13.828 -7.728
13.827 -7.734
13.825 -7.736
13.823 -7.740
13.821 -7.745
13.819 -7.747
13.817 -7.750
13.815 -7.755
13.813 -7.757
13.811 -7.761
13.809 -7.771
13.808 -7.770
13.806 -7.771
13.804 -7.774
13.802 -7.776
13.800 -7.780
13.798 -7.784
13.796 -7.786
13.795 -7.790
13.793 -7.793
13.791 -7.797
13.789 -7.800
13.788 -7.803
13.786 -7.806
13.784 -7.810
13.782 -7.813
13.780 -7.816
13.779 -7.819
13.777 -7.823
13.775 -7.825
13.774 -7.829
13.772 -7.832
13.770 -7.835
13.768 -7.839
13.767 -7.844
13.765 -7.845
13.763 -7.847
13.762 -7.851
13.760 -7.854
13.758 -7.857
13.757 -7.860
13.755 -7.863
13.753 -7.867
13.752 -7.869
13.750 -7.872
13.748 -7.875
13.747 -7.879
13.745 -7.881
13.744 -7.884
13.742 -7.888
13.740 -7.890
13.739 -7.894
13.737 -7.896
13.736 -7.899
13.734 -7.901
13.733 -7.905
13.731 -7.907
13.729 -7.911
13.728 -7.913
13.726 -7.916
13.725 -7.919
13.723 -7.921
13.722 -7.925
13.720 -7.927
13.719 -7.930
13.717 -7.933
13.716 -7.936
13.714 -7.939
13.713 -7.941
13.711 -7.944
13.710 -7.947
13.708 -7.950
13.707 -7.953
13.705 -7.958
13.704 -7.958
13.702 -7.962
13.701 -7.963
13.699 -7.966
13.698 -7.969
13.697 -7.971
13.695 -7.974
13.694 -7.977
13.692 -7.980
13.691 -7.983
13.689 -7.985
13.688 -7.987
13.687 -7.990
13.685 -7.993
13.684 -7.995
13.682 -7.999
13.681 -8.001
13.680 -8.004
13.678 -8.006
13.677 -8.009
13.675 -8.011
13.674 -8.014
13.673 -8.017
13.671 -8.019
13.669 -8.023
13.667 -8.028
13.664 -8.033
13.661 -8.038
13.659 -8.043
13.656 -8.048
13.653 -8.053
13.651 -8.058
13.648 -8.063
13.646 -8.068
13.643 -8.073
13.640 -8.078
13.638 -8.083
13.635 -8.087
13.633 -8.092
13.630 -8.097
13.628 -8.102
13.626 -8.106
13.623 -8.111
13.621 -8.116
13.618 -8.120
13.616 -8.125
13.613 -8.129
13.611 -8.134
13.609 -8.138
13.606 -8.143
13.604 -8.150
13.602 -8.154
13.599 -8.156
13.597 -8.161
13.595 -8.165
13.593 -8.170
13.590 -8.174
13.588 -8.178
13.586 -8.182
13.584 -8.187
13.581 -8.191
13.579 -8.195
13.577 -8.200
13.575 -8.204
13.573 -8.208
13.570 -8.212
13.568 -8.216
13.566 -8.221
13.564 -8.225
13.562 -8.229
13.560 -8.233
13.558 -8.237
13.556 -8.241
13.554 -8.245
13.552 -8.249
13.549 -8.253
13.547 -8.257
13.545 -8.261
13.543 -8.264
13.541 -8.268
13.539 -8.272
13.537 -8.276
13.535 -8.280
13.533 -8.284
13.531 -8.288
13.529 -8.292
13.527 -8.295
13.525 -8.299
13.524 -8.303
13.522 -8.307
13.520 -8.310
13.518 -8.314
13.516 -8.318
13.514 -8.321
13.512 -8.325
13.510 -8.329
13.508 -8.332
13.506 -8.336
13.505 -8.339
13.503 -8.343
13.501 -8.347
13.499 -8.350
13.497 -8.354
13.495 -8.357
13.494 -8.361
13.492 -8.364
13.490 -8.368
13.488 -8.371
13.486 -8.375
13.485 -8.378
13.483 -8.381
13.481 -8.385
13.479 -8.388
13.478 -8.392
13.476 -8.395
13.176 -8.984
12.875 -9.585
12.699 -9.939
12.574 -10.191
