16.518 -30.488
16.506 -29.804
16.494 -29.155
16.487 -28.770
16.479 -28.327
16.468 -27.790
16.461 -27.401
16.453 -27.024
16.445 -26.598
16.434 -26.073
16.420 -25.409
16.406 -24.748
16.393 -24.174
16.381 -23.630
16.373 -23.288
16.368 -23.100
16.361 -22.803
16.355 -22.543
16.350 -22.343
16.341 -21.992
16.331 -21.593
16.321 -21.177
16.309 -20.736
16.298 -20.327
16.286 -19.897
16.276 -19.547
16.267 -19.248
16.257 -18.889
16.246 -18.523
16.238 -18.269
16.229 -17.999
16.221 -17.741
16.217 -17.628
16.207 -17.312
16.196 -16.976
16.189 -16.785
16.179 -16.498
16.172 -16.290
16.165 -16.100
16.154 -15.786
16.142 -15.479
16.135 -15.289
16.129 -15.127
16.121 -14.938
16.115 -12.329
16.108 -11.926
16.097 -11.729
16.085 -11.513
16.075 -11.304
16.067 -11.175
16.062 -10.954
16.055 -10.735
16.048 -10.564
16.040 -10.435
16.032 -10.347
16.024 -10.070
16.014 -9.919
16.006 -9.806
15.998 -9.574
15.988 -9.256
15.974 -8.924
15.961 -8.772
15.948 -8.532
15.935 -8.355
15.924 -8.083
15.913 -7.817
15.903 -7.749
15.891 -7.617
15.880 -7.427
15.869 -7.339
15.860 -7.251
15.852 -7.199
15.843 -7.144
15.832 -7.049
15.823 -6.988
15.814 -6.957
15.805 -6.881
15.796 -6.808
15.787 -6.769
15.778 -6.687
15.773 -6.463
15.768 -5.728
15.761 -5.740
15.753 -5.762
15.744 -5.785
15.736 -5.719
15.729 -5.626
15.721 -5.596
15.713 -5.614
15.706 -5.581
15.699 -5.638
15.691 -5.570
15.684 -5.501
15.677 -5.500
15.671 -5.489
15.664 -5.478
15.659 -5.525
15.654 -5.469
15.648 -5.429
15.641 -5.498
15.635 -5.398
15.629 -5.454
15.622 -5.359
15.616 -5.356
15.611 -5.345
15.605 -5.350
15.599 -5.342
15.593 -5.330
15.588 -5.313
15.582 -5.294
15.576 -5.285
15.571 -5.289
15.566 -5.280
15.560 -5.256
15.555 -5.310
15.550 -5.253
15.545 -5.249
15.540 -5.230
15.535 -5.221
15.530 -5.210
15.525 -5.200
15.520 -5.203
15.515 -5.211
15.511 -4.855
15.506 -4.653
15.501 -4.482
15.497 -4.422
15.492 -4.332
15.488 -4.661
15.483 -4.373
15.479 -4.418
15.475 -4.392
15.470 -4.373
15.466 -4.525
15.462 -4.374
15.458 -4.316
15.454 -4.328
15.449 -4.377
15.445 -4.357
15.441 -4.393
15.437 -4.354
15.433 -4.369
15.430 -4.368
15.426 -4.430
15.422 -4.374
15.418 -4.386
15.414 -4.399
15.410 -4.408
15.407 -4.542
15.403 -4.431
15.399 -4.436
15.396 -4.452
15.392 -4.594
15.389 -4.457
15.385 -4.426
15.382 -4.434
15.378 -4.430
15.375 -4.418
15.371 -4.407
15.368 -4.403
15.365 -4.427
15.361 -4.423
15.358 -4.402
15.355 -4.413
15.351 -4.419
15.348 -4.418
15.345 -4.421
15.342 -4.431
15.339 -4.436
15.335 -4.445
15.332 -4.509
15.329 -4.501
15.326 -4.452
15.323 -4.488
15.320 -4.461
15.318 -4.462
15.316 -4.463
15.314 -4.476
15.311 -4.480
15.308 -4.480
15.305 -4.474
15.302 -4.483
15.299 -4.489
15.297 -4.495
15.296 -4.492
15.294 -4.500
15.291 -4.544
15.288 -4.600
15.285 -4.592
15.282 -4.552
15.280 -4.535
15.277 -4.529
15.274 -4.527
15.271 -4.545
15.269 -4.560
15.266 -4.547
15.263 -4.544
15.261 -4.549
15.258 -4.535
15.255 -4.538
15.254 -4.561
15.252 -4.514
15.250 -4.527
15.248 -4.536
15.245 -4.539
15.243 -4.550
15.240 -4.563
15.238 -4.546
15.235 -4.548
15.233 -4.552
15.230 -4.554
15.228 -4.562
15.225 -4.556
15.223 -4.561
15.220 -4.560
15.218 -4.566
15.216 -4.570
15.213 -4.568
15.211 -4.583
15.208 -4.578
15.206 -4.576
15.204 -4.581
15.202 -4.595
15.199 -4.599
15.197 -4.589
15.195 -4.596
15.192 -4.617
15.190 -4.596
15.188 -4.590
15.186 -4.617
15.183 -4.601
15.181 -4.593
15.179 -4.604
15.177 -4.610
15.175 -4.603
15.173 -4.603
15.170 -4.602
15.168 -4.613
15.166 -4.615
15.164 -4.696
15.162 -4.709
15.160 -4.699
15.159 -4.701
15.158 -4.686
15.156 -4.664
15.154 -4.633
15.152 -4.626
15.149 -4.631
15.147 -4.631
15.145 -4.635
15.143 -4.633
15.141 -4.647
15.139 -4.637
15.137 -4.648
15.135 -4.638
15.133 -4.641
15.131 -4.655
15.129 -4.647
15.128 -4.650
15.126 -4.654
15.124 -4.667
15.122 -4.658
15.120 -4.659
15.118 -4.666
15.116 -4.694
15.114 -4.681
15.112 -4.675
15.110 -4.675
15.109 -4.678
15.107 -4.680
15.105 -4.684
15.103 -4.687
15.101 -4.692
15.099 -4.708
15.098 -4.700
15.096 -4.699
15.094 -4.701
15.092 -4.702
15.090 -4.706
15.089 -4.708
15.087 -4.711
15.085 -4.712
15.083 -4.715
15.081 -4.721
15.080 -4.791
15.078 -4.730
15.077 -4.752
15.076 -4.739
15.075 -4.729
15.073 -4.730
15.071 -4.735
15.069 -4.737
15.068 -4.739
15.066 -4.741
15.064 -4.743
15.063 -4.747
15.061 -4.747
15.059 -4.751
15.058 -4.752
15.056 -4.754
15.054 -4.757
15.053 -4.759
15.051 -4.765
15.049 -4.770
15.048 -4.767
15.046 -4.774
15.045 -4.774
15.043 -4.777
15.041 -4.780
15.040 -4.789
15.038 -4.782
15.037 -4.784
15.035 -4.789
15.034 -4.788
15.032 -4.791
15.030 -4.801
15.029 -4.798
15.027 -4.797
15.026 -4.802
15.024 -4.806
15.023 -4.804
15.021 -4.807
15.020 -4.811
15.018 -4.812
15.017 -4.815
15.015 -4.817
15.013 -4.822
15.010 -4.824
15.007 -4.832
15.004 -4.835
15.001 -4.841
14.998 -4.847
14.995 -4.852
14.993 -4.854
14.990 -4.857
14.987 -4.864
14.984 -4.865
14.981 -4.871
14.979 -4.874
14.976 -4.879
14.973 -4.884
14.970 -4.890
14.968 -4.892
14.965 -4.894
14.962 -4.901
14.960 -4.904
14.957 -4.908
14.954 -4.913
14.952 -4.918
14.949 -4.922
14.947 -4.924
14.944 -4.928
14.942 -4.932
14.939 -4.938
14.936 -4.941
14.934 -4.945
14.932 -4.948
14.929 -4.952
14.927 -4.956
14.924 -4.958
14.922 -4.965
14.919 -4.968
14.917 -4.973
14.916 -4.974
14.915 -4.990
14.912 -4.992
14.910 -4.996
14.907 -5.005
14.905 -5.007
14.903 -5.009
14.900 -5.017
14.898 -5.005
14.896 -4.992
14.894 -5.031
14.891 -4.983
14.889 -4.982
14.887 -5.047
14.885 -4.978
14.882 -4.982
14.880 -4.990
14.878 -5.065
14.876 -4.995
14.874 -4.994
14.872 -5.011
14.869 -4.998
14.867 -5.010
14.865 -5.038
14.863 -5.075
14.861 -5.020
14.859 -5.021
14.857 -5.020
14.855 -5.024
14.853 -5.028
14.850 -5.029
14.848 -5.035
14.846 -5.041
14.844 -5.044
14.842 -5.052
14.840 -5.083
14.838 -5.110
14.836 -5.061
14.834 -5.068
14.832 -5.065
14.830 -5.066
14.828 -5.069
14.827 -5.086
14.825 -5.076
14.823 -5.080
14.821 -5.082
14.819 -5.089
14.817 -5.088
14.815 -5.092
14.813 -5.097
14.811 -5.103
14.809 -5.117
14.808 -5.108
14.806 -5.116
14.804 -5.118
14.802 -5.113
14.800 -5.117
14.798 -5.118
14.796 -5.122
14.795 -5.126
14.793 -5.133
14.791 -5.159
14.789 -5.195
14.788 -5.143
14.786 -5.144
14.784 -5.154
14.782 -5.149
14.780 -5.150
14.779 -5.153
14.777 -5.163
14.775 -5.161
14.774 -5.165
14.772 -5.166
14.770 -5.169
14.768 -5.172
14.767 -5.176
14.765 -5.179
14.763 -5.182
14.762 -5.184
14.760 -5.187
14.758 -5.190
14.757 -5.194
14.755 -5.197
14.753 -5.199
14.752 -5.202
14.750 -5.205
14.748 -5.208
14.747 -5.211
14.745 -5.214
14.744 -5.221
14.742 -5.219
14.740 -5.222
14.739 -5.225
14.737 -5.228
14.736 -5.231
14.734 -5.234
14.733 -5.236
14.731 -5.239
14.729 -5.243
14.728 -5.245
14.726 -5.248
14.725 -5.251
14.723 -5.254
14.722 -5.261
14.720 -5.267
14.719 -5.269
14.717 -5.272
14.716 -5.274
14.714 -5.277
14.713 -5.280
14.711 -5.283
14.710 -5.285
14.708 -5.297
14.707 -5.291
14.705 -5.292
14.704 -5.294
14.702 -5.296
14.701 -5.297
14.699 -5.299
14.698 -5.301
14.697 -5.303
14.695 -5.305
14.694 -5.307
14.692 -5.310
14.691 -5.312
14.689 -5.315
14.688 -5.318
14.687 -5.320
14.685 -5.323
14.684 -5.325
14.682 -5.328
14.681 -5.330
14.680 -5.333
14.678 -5.335
14.677 -5.338
14.675 -5.340
14.674 -5.343
14.673 -5.345
14.671 -5.348
14.670 -5.350
14.669 -5.353
14.667 -5.355
14.666 -5.358
14.665 -5.361
14.663 -5.363
14.662 -5.368
14.661 -5.383
14.659 -5.424
14.658 -5.377
14.657 -5.376
14.655 -5.377
14.654 -5.380
14.653 -5.387
14.651 -5.389
14.650 -5.387
14.649 -5.390
14.648 -5.392
14.646 -5.394
14.645 -5.397
14.644 -5.398
14.642 -5.401
14.641 -5.403
14.640 -5.406
14.639 -5.409
14.637 -5.411
14.636 -5.412
14.635 -5.415
14.634 -5.417
14.632 -5.419
14.631 -5.422
14.630 -5.424
14.629 -5.426
14.627 -5.434
14.626 -5.431
14.625 -5.433
14.624 -5.435
14.623 -5.437
14.621 -5.440
14.620 -5.442
14.619 -5.444
14.618 -5.449
14.616 -5.449
14.615 -5.451
14.614 -5.456
14.613 -5.455
14.612 -5.457
14.611 -5.460
14.609 -5.462
14.608 -5.464
14.607 -5.466
14.606 -5.468
14.605 -5.471
14.604 -5.473
14.602 -5.476
14.601 -5.477
14.600 -5.479
14.599 -5.481
14.598 -5.483
14.597 -5.487
14.595 -5.488
14.594 -5.490
14.593 -5.492
14.592 -5.494
14.591 -5.496
14.590 -5.498
14.589 -5.501
14.588 -5.502
14.586 -5.504
14.585 -5.506
14.584 -5.509
14.583 -5.511
14.582 -5.512
14.581 -5.515
14.580 -5.517
14.579 -5.519
14.578 -5.521
14.576 -5.523
14.575 -5.525
14.574 -5.527
14.573 -5.529
14.572 -5.531
14.571 -5.533
14.570 -5.535
14.569 -5.537
14.568 -5.540
14.567 -5.541
14.566 -5.543
14.565 -5.545
14.564 -5.548
14.562 -5.553
14.561 -5.556
14.560 -5.556
14.559 -5.559
14.558 -5.560
14.557 -5.561
14.556 -5.564
14.555 -5.567
14.554 -5.568
14.553 -5.569
14.552 -5.571
14.551 -5.573
14.550 -5.577
14.549 -5.577
14.548 -5.579
14.547 -5.582
14.546 -5.583
14.545 -5.585
14.544 -5.586
14.543 -5.592
14.542 -5.591
14.541 -5.590
14.540 -5.596
14.539 -5.601
14.538 -5.596
14.537 -5.595
14.536 -5.602
14.535 -5.616
14.534 -5.609
14.533 -5.602
14.532 -5.601
14.531 -5.606
14.530 -5.622
14.529 -5.636
14.528 -5.614
14.527 -5.610
14.526 -5.610
14.525 -5.612
14.524 -5.615
14.523 -5.625
14.522 -5.655
14.521 -5.644
14.520 -5.626
14.519 -5.626
14.518 -5.624
14.517 -5.625
14.516 -5.626
14.515 -5.628
14.514 -5.632
14.514 -5.636
14.513 -5.652
14.512 -5.687
14.511 -5.656
14.510 -5.643
14.509 -5.642
14.508 -5.644
14.507 -5.644
14.506 -5.648
14.505 -5.647
14.504 -5.649
14.503 -5.651
14.502 -5.652
14.501 -5.654
14.500 -5.658
14.500 -5.660
14.499 -5.667
14.498 -5.685
14.497 -5.719
14.496 -5.681
14.495 -5.671
14.494 -5.670
14.493 -5.672
14.492 -5.671
14.491 -5.673
14.490 -5.675
14.490 -5.682
14.489 -5.679
14.488 -5.680
14.487 -5.681
14.486 -5.683
14.485 -5.685
14.484 -5.686
14.483 -5.688
14.483 -5.690
14.482 -5.692
14.481 -5.695
14.480 -5.695
14.479 -5.696
14.478 -5.699
14.477 -5.702
14.476 -5.722
14.474 -5.731
14.471 -5.716
14.469 -5.715
14.467 -5.719
14.465 -5.723
14.463 -5.729
14.461 -5.731
14.459 -5.735
14.457 -5.739
14.455 -5.743
14.453 -5.747
14.450 -5.751
14.448 -5.755
14.446 -5.759
14.444 -5.762
14.442 -5.770
14.440 -5.773
14.438 -5.808
14.436 -5.790
14.434 -5.784
14.432 -5.786
14.431 -5.789
14.429 -5.793
14.427 -5.797
14.425 -5.800
14.423 -5.804
14.421 -5.808
14.419 -5.811
14.417 -5.815
14.415 -5.819
14.413 -5.822
14.411 -5.827
14.410 -5.830
14.408 -5.833
14.406 -5.836
14.404 -5.840
14.402 -5.844
14.400 -5.847
14.399 -5.855
14.397 -5.854
14.395 -5.857
14.393 -5.861
14.391 -5.864
14.390 -5.868
14.388 -5.871
14.386 -5.875
14.384 -5.878
14.383 -5.881
14.381 -5.885
14.379 -5.889
14.377 -5.892
14.376 -5.895
14.374 -5.898
14.372 -5.902
14.370 -5.913
14.369 -5.942
14.367 -5.915
14.365 -5.915
14.364 -5.920
14.362 -5.921
14.360 -5.924
14.359 -5.927
14.357 -5.930
14.355 -5.934
14.354 -5.937
14.352 -5.940
14.351 -5.943
14.349 -5.947
14.347 -5.949
14.346 -5.953
14.344 -5.956
14.342 -5.959
14.341 -5.962
14.339 -5.965
14.338 -5.968
14.336 -5.971
14.335 -5.974
14.333 -5.977
14.331 -5.980
14.330 -5.983
14.328 -5.986
14.327 -5.989
14.325 -5.992
14.324 -5.995
14.322 -5.998
14.321 -6.001
14.319 -6.004
14.318 -6.007
14.316 -6.010
14.315 -6.012
14.313 -6.015
14.312 -6.018
14.310 -6.021
14.309 -6.024
14.307 -6.027
14.306 -6.030
14.304 -6.032
14.303 -6.035
14.301 -6.038
14.300 -6.041
14.299 -6.044
14.297 -6.046
14.296 -6.049
14.294 -6.052
14.293 -6.055
14.291 -6.057
14.290 -6.060
14.289 -6.063
14.287 -6.066
14.286 -6.068
14.284 -6.071
14.283 -6.074
14.282 -6.077
14.280 -6.080
14.279 -6.082
14.277 -6.085
14.276 -6.089
14.275 -6.090
14.273 -6.092
14.271 -6.097
14.269 -6.104
14.266 -6.106
14.263 -6.114
14.261 -6.122
14.258 -6.121
14.255 -6.125
14.253 -6.135
14.250 -6.145
14.248 -6.141
14.245 -6.148
14.243 -6.150
14.240 -6.156
14.238 -6.175
14.235 -6.168
14.233 -6.170
14.230 -6.175
14.228 -6.179
14.225 -6.184
14.223 -6.189
14.220 -6.194
14.218 -6.214
14.216 -6.208
14.213 -6.208
14.211 -6.212
14.208 -6.217
14.206 -6.226
14.204 -6.245
14.202 -6.232
14.199 -6.235
14.197 -6.241
14.195 -6.244
14.192 -6.248
14.190 -6.255
14.188 -6.277
14.186 -6.264
14.183 -6.266
14.181 -6.270
14.179 -6.275
14.177 -6.279
14.175 -6.283
14.173 -6.287
14.170 -6.292
14.168 -6.296
14.166 -6.300
14.164 -6.305
14.162 -6.308
14.160 -6.312
14.158 -6.317
14.156 -6.321
14.154 -6.325
14.152 -6.330
14.149 -6.333
14.147 -6.337
14.145 -6.341
14.143 -6.347
14.141 -6.370
14.139 -6.356
14.137 -6.357
14.135 -6.361
14.133 -6.364
14.131 -6.368
14.129 -6.372
14.128 -6.376
14.126 -6.380
14.124 -6.384
14.122 -6.387
14.120 -6.391
14.118 -6.395
14.116 -6.399
14.114 -6.402
14.112 -6.406
14.110 -6.410
14.109 -6.413
14.107 -6.417
14.105 -6.421
14.103 -6.424
14.101 -6.428
14.099 -6.432
14.098 -6.435
14.096 -6.439
14.094 -6.442
14.092 -6.446
14.090 -6.449
14.089 -6.453
14.087 -6.456
14.085 -6.460
14.083 -6.464
14.081 -6.467
14.080 -6.470
14.078 -6.473
14.076 -6.477
14.075 -6.481
14.073 -6.484
14.071 -6.486
14.069 -6.491
14.068 -6.495
14.066 -6.497
14.064 -6.500
14.063 -6.504
14.061 -6.508
14.059 -6.515
14.058 -6.535
14.056 -6.520
14.054 -6.520
14.053 -6.523
14.051 -6.528
14.049 -6.533
14.048 -6.534
14.046 -6.536
14.045 -6.539
14.043 -6.542
14.041 -6.545
14.040 -6.548
14.038 -6.553
14.037 -6.560
14.035 -6.561
14.034 -6.561
14.032 -6.564
14.030 -6.567
14.029 -6.570
14.027 -6.573
14.026 -6.576
14.024 -6.579
14.023 -6.582
14.021 -6.586
14.020 -6.592
14.018 -6.601
14.017 -6.596
14.015 -6.597
14.014 -6.600
14.012 -6.603
14.011 -6.606
14.009 -6.609
14.008 -6.612
14.006 -6.615
14.005 -6.618
14.003 -6.621
14.002 -6.624
14.000 -6.626
13.999 -6.629
13.998 -6.632
13.996 -6.637
13.995 -6.648
13.993 -6.648
13.992 -6.645
13.990 -6.646
13.989 -6.649
13.988 -6.652
13.986 -6.655
13.985 -6.657
13.983 -6.660
13.982 -6.663
13.981 -6.666
13.979 -6.669
13.978 -6.671
13.976 -6.674
13.975 -6.677
13.974 -6.679
13.972 -6.682
13.970 -6.686
13.968 -6.692
13.965 -6.697
13.962 -6.702
13.960 -6.718
13.957 -6.716
13.954 -6.718
13.952 -6.723
13.949 -6.728
13.947 -6.733
13.944 -6.738
13.942 -6.743
13.939 -6.748
13.936 -6.753
13.934 -6.758
13.932 -6.763
13.929 -6.768
13.927 -6.773
13.924 -6.778
13.922 -6.782
13.919 -6.787
13.917 -6.792
13.915 -6.797
13.912 -6.801
13.910 -6.806
13.907 -6.812
13.905 -6.822
13.903 -6.829
13.900 -6.825
13.898 -6.829
13.896 -6.834
13.894 -6.838
13.891 -6.843
13.889 -6.847
13.887 -6.852
13.885 -6.857
13.882 -6.861
13.880 -6.865
13.878 -6.869
13.876 -6.874
13.874 -6.879
13.872 -6.885
13.869 -6.899
13.867 -6.892
13.865 -6.895
13.863 -6.899
13.861 -6.904
13.859 -6.908
13.857 -6.915
13.855 -6.917
13.853 -6.920
13.850 -6.924
13.848 -6.929
13.846 -6.933
13.844 -6.937
13.842 -6.941
13.840 -6.945
13.838 -6.949
13.836 -6.957
13.834 -6.959
13.832 -6.961
13.830 -6.965
13.828 -6.968
13.827 -6.972
13.825 -6.976
13.823 -6.980
13.821 -6.984
13.819 -6.987
13.817 -6.991
13.815 -6.995
13.813 -6.999
13.811 -7.004
13.809 -7.021
13.808 -7.019
13.806 -7.016
13.804 -7.018
13.802 -7.021
13.800 -7.025
13.798 -7.029
13.796 -7.032
13.795 -7.036
13.793 -7.039
13.791 -7.043
13.789 -7.047
13.788 -7.050
13.786 -7.054
13.784 -7.057
13.782 -7.061
13.780 -7.064
13.779 -7.068
13.777 -7.071
13.775 -7.075
13.774 -7.078
13.772 -7.082
13.770 -7.085
13.768 -7.090
13.767 -7.101
13.765 -7.097
13.763 -7.099
13.762 -7.102
13.760 -7.105
13.758 -7.109
13.757 -7.112
13.755 -7.115
13.753 -7.119
13.752 -7.122
13.750 -7.125
13.748 -7.128
13.747 -7.132
13.745 -7.135
13.744 -7.138
13.742 -7.141
13.740 -7.144
13.739 -7.148
13.737 -7.151
13.736 -7.154
13.734 -7.157
13.733 -7.160
13.731 -7.163
13.729 -7.167
13.728 -7.170
13.726 -7.173
13.725 -7.176
13.723 -7.179
13.722 -7.182
13.720 -7.186
13.719 -7.188
13.717 -7.191
13.716 -7.194
13.714 -7.197
13.713 -7.200
13.711 -7.203
13.710 -7.206
13.708 -7.209
13.707 -7.215
13.705 -7.228
13.704 -7.220
13.702 -7.223
13.701 -7.225
13.699 -7.227
13.698 -7.230
13.697 -7.232
13.695 -7.235
13.694 -7.238
13.692 -7.241
13.691 -7.244
13.689 -7.247
13.688 -7.250
13.687 -7.253
13.685 -7.255
13.684 -7.258
13.682 -7.261
13.681 -7.264
13.680 -7.267
13.678 -7.272
13.677 -7.273
13.675 -7.275
13.674 -7.278
13.673 -7.280
13.671 -7.283
13.669 -7.287
13.667 -7.293
13.664 -7.298
13.661 -7.303
13.659 -7.309
13.656 -7.314
13.653 -7.319
13.651 -7.325
13.648 -7.331
13.646 -7.338
13.643 -7.340
13.640 -7.345
13.638 -7.350
13.635 -7.355
13.633 -7.360
13.630 -7.365
13.628 -7.370
13.626 -7.375
13.623 -7.380
13.621 -7.385
13.618 -7.390
13.616 -7.395
13.613 -7.400
13.611 -7.404
13.609 -7.409
13.606 -7.415
13.604 -7.430
13.602 -7.436
13.599 -7.430
13.597 -7.432
13.595 -7.437
13.593 -7.442
13.590 -7.446
13.588 -7.451
13.586 -7.455
13.584 -7.460
13.581 -7.464
13.579 -7.469
13.577 -7.473
13.575 -7.477
13.573 -7.482
13.570 -7.486
13.568 -7.491
13.566 -7.495
13.564 -7.499
13.562 -7.503
13.560 -7.508
13.558 -7.512
13.556 -7.516
13.554 -7.520
13.552 -7.524
13.549 -7.529
13.547 -7.533
13.545 -7.537
13.543 -7.541
13.541 -7.545
13.539 -7.551
13.537 -7.554
13.535 -7.562
13.533 -7.566
13.531 -7.565
13.529 -7.569
13.527 -7.573
13.525 -7.577
13.524 -7.581
13.522 -7.585
13.520 -7.589
13.518 -7.593
13.516 -7.596
13.514 -7.600
13.512 -7.604
13.510 -7.608
13.508 -7.612
13.506 -7.615
13.505 -7.622
13.503 -7.624
13.501 -7.627
13.499 -7.630
13.497 -7.634
13.495 -7.638
13.494 -7.641
13.492 -7.645
13.490 -7.649
13.488 -7.652
13.486 -7.656
13.485 -7.659
13.483 -7.663
13.481 -7.667
13.479 -7.670
13.478 -7.674
13.476 -7.677
13.176 -8.287
12.875 -8.901
12.699 -9.262
12.574 -9.517
