16.518 -19.443
16.506 -19.019
16.494 -18.627
16.487 -18.382
16.479 -18.111
16.468 -17.783
16.461 -17.545
16.453 -17.316
16.445 -17.058
16.434 -16.739
16.420 -16.338
16.406 -15.942
16.393 -15.593
16.381 -15.268
16.373 -15.061
16.368 -14.927
16.361 -14.750
16.355 -14.594
16.350 -14.472
16.341 -14.264
16.331 -14.023
16.321 -13.778
16.309 -13.537
16.298 -13.276
16.286 -13.020
16.276 -12.802
16.267 -12.537
16.257 -12.319
16.246 -12.119
16.238 -11.976
16.229 -11.810
16.221 -11.651
16.217 -11.610
16.207 -11.397
16.196 -11.210
16.189 -11.070
16.179 -10.901
16.172 -10.808
16.165 -10.675
16.154 -10.496
16.142 -10.323
16.135 -10.208
16.129 -10.129
16.121 -10.027
16.115 -8.349
16.108 -7.536
16.097 -7.138
16.085 -6.690
16.075 -6.131
16.067 -5.799
16.062 -5.874
16.055 -5.426
16.048 -5.361
16.040 -5.289
16.032 -5.402
16.024 -5.183
16.014 -5.039
16.006 -5.098
15.998 -5.249
15.988 -5.189
15.974 -5.664
15.961 -5.552
15.948 -5.718
15.935 -5.686
15.924 -5.270
15.913 -4.974
15.903 -4.863
15.891 -4.928
15.880 -4.715
15.869 -4.544
15.860 -4.546
15.852 -4.579
15.843 -4.590
15.832 -4.494
15.823 -4.476
15.814 -4.534
15.805 -4.480
15.796 -4.428
15.787 -4.483
15.778 -4.363
15.773 -4.427
15.768 -4.354
15.761 -4.365
15.753 -4.381
15.744 -4.449
15.736 -4.510
15.729 -4.396
15.721 -4.341
15.713 -4.331
15.706 -4.325
15.699 -4.365
15.691 -4.429
15.684 -4.334
15.677 -4.375
15.671 -4.309
15.664 -4.329
15.659 -4.363
15.654 -4.306
15.648 -4.300
15.641 -4.334
15.635 -4.295
15.629 -4.332
15.622 -4.298
15.616 -4.283
15.611 -4.285
15.605 -4.297
15.599 -4.302
15.593 -4.338
15.588 -4.300
15.582 -4.337
15.576 -4.303
15.571 -4.290
15.566 -4.290
15.560 -4.286
15.555 -4.317
15.550 -4.291
15.545 -4.307
15.540 -4.288
15.535 -4.285
15.530 -4.292
15.525 -4.294
15.520 -4.301
15.515 -4.427
15.511 -4.253
15.506 -4.158
15.501 -4.101
15.497 -4.039
15.492 -4.011
15.488 -4.103
15.483 -4.038
15.479 -4.083
15.475 -4.067
15.470 -4.060
15.466 -4.097
15.462 -4.034
15.458 -4.020
15.454 -4.024
15.449 -4.044
15.445 -4.026
15.441 -4.062
15.437 -4.036
15.433 -4.040
15.430 -4.039
15.426 -4.047
15.422 -4.040
15.418 -4.037
15.414 -4.050
15.410 -4.075
15.407 -4.094
15.403 -4.070
15.399 -4.089
15.396 -4.089
15.392 -4.160
15.389 -4.100
15.385 -4.118
15.382 -4.127
15.378 -4.107
15.375 -4.105
15.371 -4.106
15.368 -4.107
15.365 -4.105
15.361 -4.116
15.358 -4.119
15.355 -4.124
15.351 -4.127
15.348 -4.132
15.345 -4.143
15.342 -4.159
15.339 -4.174
15.335 -4.163
15.332 -4.170
15.329 -4.185
15.326 -4.152
15.323 -4.169
15.320 -4.157
15.318 -4.177
15.316 -4.175
15.314 -4.181
15.311 -4.182
15.308 -4.180
15.305 -4.176
15.302 -4.183
15.299 -4.188
15.297 -4.189
15.296 -4.197
15.294 -4.192
15.291 -4.210
15.288 -4.258
15.285 -4.251
15.282 -4.220
15.280 -4.214
15.277 -4.222
15.274 -4.218
15.271 -4.229
15.269 -4.234
15.266 -4.231
15.263 -4.233
15.261 -4.252
15.258 -4.234
15.255 -4.235
15.254 -4.248
15.252 -4.232
15.250 -4.234
15.248 -4.234
15.245 -4.244
15.243 -4.258
15.240 -4.258
15.238 -4.248
15.235 -4.252
15.233 -4.256
15.230 -4.259
15.228 -4.264
15.225 -4.263
15.223 -4.270
15.220 -4.273
15.218 -4.279
15.216 -4.280
15.213 -4.283
15.211 -4.284
15.208 -4.287
15.206 -4.289
15.204 -4.294
15.202 -4.298
15.199 -4.296
15.197 -4.300
15.195 -4.303
15.192 -4.315
15.190 -4.308
15.188 -4.311
15.186 -4.317
15.183 -4.319
15.181 -4.323
15.179 -4.323
15.177 -4.327
15.175 -4.329
15.173 -4.332
15.170 -4.335
15.168 -4.339
15.166 -4.344
15.164 -4.461
15.162 -4.476
15.160 -4.468
15.159 -4.459
15.158 -4.435
15.156 -4.390
15.154 -4.367
15.152 -4.363
15.149 -4.368
15.147 -4.369
15.145 -4.373
15.143 -4.371
15.141 -4.390
15.139 -4.373
15.137 -4.391
15.135 -4.378
15.133 -4.380
15.131 -4.401
15.129 -4.386
15.128 -4.388
15.126 -4.392
15.124 -4.411
15.122 -4.398
15.120 -4.399
15.118 -4.405
15.116 -4.411
15.114 -4.425
15.112 -4.415
15.110 -4.414
15.109 -4.417
15.107 -4.421
15.105 -4.426
15.103 -4.429
15.101 -4.433
15.099 -4.454
15.098 -4.441
15.096 -4.445
15.094 -4.446
15.092 -4.445
15.090 -4.449
15.089 -4.451
15.087 -4.457
15.085 -4.457
15.083 -4.458
15.081 -4.463
15.080 -4.483
15.078 -4.469
15.077 -4.502
15.076 -4.478
15.075 -4.478
15.073 -4.475
15.071 -4.477
15.069 -4.480
15.068 -4.482
15.066 -4.485
15.064 -4.488
15.063 -4.497
15.061 -4.492
15.059 -4.499
15.058 -4.497
15.056 -4.500
15.054 -4.504
15.053 -4.505
15.051 -4.508
15.049 -4.514
15.048 -4.514
15.046 -4.518
15.045 -4.518
15.043 -4.521
15.041 -4.524
15.040 -4.541
15.038 -4.528
15.037 -4.532
15.035 -4.534
15.034 -4.537
15.032 -4.541
15.030 -4.544
15.029 -4.545
15.027 -4.547
15.026 -4.551
15.024 -4.552
15.023 -4.554
15.021 -4.557
15.020 -4.562
15.018 -4.565
15.017 -4.565
15.015 -4.568
15.013 -4.571
15.010 -4.575
15.007 -4.580
15.004 -4.585
15.001 -4.591
14.998 -4.596
14.995 -4.602
14.993 -4.606
14.990 -4.613
14.987 -4.614
14.984 -4.619
14.981 -4.624
14.979 -4.627
14.976 -4.632
14.973 -4.636
14.970 -4.649
14.968 -4.645
14.965 -4.649
14.962 -4.657
14.960 -4.659
14.957 -4.664
14.954 -4.668
14.952 -4.675
14.949 -4.677
14.947 -4.683
14.944 -4.687
14.942 -4.689
14.939 -4.696
14.936 -4.698
14.934 -4.703
14.932 -4.706
14.929 -4.711
14.927 -4.715
14.924 -4.719
14.922 -4.723
14.919 -4.727
14.917 -4.732
14.916 -4.742
14.915 -4.786
14.912 -4.789
14.910 -4.792
14.907 -4.793
14.905 -4.790
14.903 -4.785
14.900 -4.779
14.898 -4.771
14.896 -4.764
14.894 -4.782
14.891 -4.766
14.889 -4.765
14.887 -4.799
14.885 -4.770
14.882 -4.776
14.880 -4.778
14.878 -4.817
14.876 -4.785
14.874 -4.787
14.872 -4.798
14.869 -4.794
14.867 -4.798
14.865 -4.814
14.863 -4.837
14.861 -4.810
14.859 -4.812
14.857 -4.816
14.855 -4.822
14.853 -4.831
14.850 -4.826
14.848 -4.830
14.846 -4.833
14.844 -4.837
14.842 -4.842
14.840 -4.860
14.838 -4.876
14.836 -4.854
14.834 -4.857
14.832 -4.861
14.830 -4.863
14.828 -4.867
14.827 -4.871
14.825 -4.873
14.823 -4.877
14.821 -4.882
14.819 -4.893
14.817 -4.887
14.815 -4.891
14.813 -4.894
14.811 -4.899
14.809 -4.907
14.808 -4.905
14.806 -4.923
14.804 -4.910
14.802 -4.913
14.800 -4.916
14.798 -4.920
14.796 -4.924
14.795 -4.926
14.793 -4.930
14.791 -4.944
14.789 -4.967
14.788 -4.941
14.786 -4.943
14.784 -4.946
14.782 -4.949
14.780 -4.952
14.779 -4.955
14.777 -4.959
14.775 -4.962
14.774 -4.965
14.772 -4.968
14.770 -4.971
14.768 -4.974
14.767 -4.977
14.765 -4.980
14.763 -4.983
14.762 -4.986
14.760 -4.989
14.758 -4.992
14.757 -4.996
14.755 -4.999
14.753 -5.001
14.752 -5.004
14.750 -5.007
14.748 -5.010
14.747 -5.013
14.745 -5.016
14.744 -5.029
14.742 -5.022
14.740 -5.025
14.739 -5.028
14.737 -5.031
14.736 -5.034
14.734 -5.036
14.733 -5.039
14.731 -5.043
14.729 -5.046
14.728 -5.048
14.726 -5.051
14.725 -5.054
14.723 -5.056
14.722 -5.066
14.720 -5.094
14.719 -5.097
14.717 -5.100
14.716 -5.102
14.714 -5.105
14.713 -5.109
14.711 -5.108
14.710 -5.109
14.708 -5.112
14.707 -5.111
14.705 -5.111
14.704 -5.111
14.702 -5.110
14.701 -5.109
14.699 -5.108
14.698 -5.108
14.697 -5.108
14.695 -5.109
14.694 -5.112
14.692 -5.114
14.691 -5.116
14.689 -5.119
14.688 -5.121
14.687 -5.125
14.685 -5.126
14.684 -5.128
14.682 -5.133
14.681 -5.134
14.680 -5.136
14.678 -5.139
14.677 -5.144
14.675 -5.144
14.674 -5.146
14.673 -5.149
14.671 -5.152
14.670 -5.157
14.669 -5.156
14.667 -5.159
14.666 -5.161
14.665 -5.164
14.663 -5.167
14.662 -5.174
14.661 -5.178
14.659 -5.206
14.658 -5.177
14.657 -5.179
14.655 -5.181
14.654 -5.183
14.653 -5.188
14.651 -5.195
14.650 -5.191
14.649 -5.193
14.648 -5.196
14.646 -5.198
14.645 -5.200
14.644 -5.203
14.642 -5.205
14.641 -5.207
14.640 -5.210
14.639 -5.219
14.637 -5.215
14.636 -5.217
14.635 -5.219
14.634 -5.221
14.632 -5.224
14.631 -5.226
14.630 -5.229
14.629 -5.231
14.627 -5.234
14.626 -5.235
14.625 -5.238
14.624 -5.240
14.623 -5.242
14.621 -5.250
14.620 -5.250
14.619 -5.249
14.618 -5.251
14.616 -5.254
14.615 -5.256
14.614 -5.258
14.613 -5.260
14.612 -5.262
14.611 -5.265
14.609 -5.267
14.608 -5.269
14.607 -5.271
14.606 -5.274
14.605 -5.276
14.604 -5.278
14.602 -5.280
14.601 -5.282
14.600 -5.284
14.599 -5.287
14.598 -5.289
14.597 -5.300
14.595 -5.294
14.594 -5.295
14.593 -5.297
14.592 -5.300
14.591 -5.302
14.590 -5.304
14.589 -5.306
14.588 -5.308
14.586 -5.310
14.585 -5.312
14.584 -5.314
14.583 -5.316
14.582 -5.319
14.581 -5.321
14.580 -5.323
14.579 -5.325
14.578 -5.327
14.576 -5.329
14.575 -5.331
14.574 -5.333
14.573 -5.335
14.572 -5.337
14.571 -5.339
14.570 -5.341
14.569 -5.343
14.568 -5.345
14.567 -5.347
14.566 -5.349
14.565 -5.352
14.564 -5.355
14.562 -5.376
14.561 -5.382
14.560 -5.381
14.559 -5.382
14.558 -5.384
14.557 -5.386
14.556 -5.388
14.555 -5.390
14.554 -5.391
14.553 -5.393
14.552 -5.395
14.551 -5.396
14.550 -5.398
14.549 -5.399
14.548 -5.401
14.547 -5.402
14.546 -5.403
14.545 -5.405
14.544 -5.406
14.543 -5.407
14.542 -5.408
14.541 -5.409
14.540 -5.410
14.539 -5.413
14.538 -5.412
14.537 -5.412
14.536 -5.414
14.535 -5.419
14.534 -5.416
14.533 -5.415
14.532 -5.415
14.531 -5.417
14.530 -5.423
14.529 -5.430
14.528 -5.422
14.527 -5.422
14.526 -5.423
14.525 -5.424
14.524 -5.426
14.523 -5.431
14.522 -5.445
14.521 -5.441
14.520 -5.435
14.519 -5.435
14.518 -5.436
14.517 -5.439
14.516 -5.440
14.515 -5.441
14.514 -5.443
14.514 -5.447
14.513 -5.453
14.512 -5.473
14.511 -5.458
14.510 -5.454
14.509 -5.454
14.508 -5.456
14.507 -5.458
14.506 -5.471
14.505 -5.463
14.504 -5.463
14.503 -5.465
14.502 -5.466
14.501 -5.468
14.500 -5.470
14.500 -5.472
14.499 -5.475
14.498 -5.484
14.497 -5.506
14.496 -5.485
14.495 -5.482
14.494 -5.482
14.493 -5.484
14.492 -5.485
14.491 -5.487
14.490 -5.489
14.490 -5.491
14.489 -5.492
14.488 -5.495
14.487 -5.499
14.486 -5.497
14.485 -5.499
14.484 -5.501
14.483 -5.502
14.483 -5.504
14.482 -5.506
14.481 -5.507
14.480 -5.509
14.479 -5.511
14.478 -5.512
14.477 -5.514
14.476 -5.525
14.474 -5.533
14.471 -5.534
14.469 -5.529
14.467 -5.534
14.465 -5.538
14.463 -5.542
14.461 -5.546
14.459 -5.553
14.457 -5.554
14.455 -5.558
14.453 -5.562
14.450 -5.566
14.448 -5.570
14.446 -5.573
14.444 -5.577
14.442 -5.582
14.440 -5.586
14.438 -5.606
14.436 -5.597
14.434 -5.597
14.432 -5.600
14.431 -5.604
14.429 -5.608
14.427 -5.611
14.425 -5.615
14.423 -5.619
14.421 -5.622
14.419 -5.626
14.417 -5.630
14.415 -5.634
14.413 -5.637
14.411 -5.647
14.410 -5.649
14.408 -5.648
14.406 -5.652
14.404 -5.655
14.402 -5.659
14.400 -5.662
14.399 -5.666
14.397 -5.669
14.395 -5.673
14.393 -5.676
14.391 -5.680
14.390 -5.683
14.388 -5.687
14.386 -5.690
14.384 -5.693
14.383 -5.697
14.381 -5.700
14.379 -5.704
14.377 -5.707
14.376 -5.710
14.374 -5.714
14.372 -5.717
14.370 -5.723
14.369 -5.744
14.367 -5.728
14.365 -5.730
14.364 -5.733
14.362 -5.737
14.360 -5.740
14.359 -5.743
14.357 -5.746
14.355 -5.749
14.354 -5.753
14.352 -5.756
14.351 -5.759
14.349 -5.762
14.347 -5.765
14.346 -5.768
14.344 -5.772
14.342 -5.775
14.341 -5.778
14.339 -5.781
14.338 -5.784
14.336 -5.787
14.335 -5.790
14.333 -5.793
14.331 -5.796
14.330 -5.799
14.328 -5.802
14.327 -5.805
14.325 -5.808
14.324 -5.811
14.322 -5.814
14.321 -5.817
14.319 -5.820
14.318 -5.823
14.316 -5.826
14.315 -5.829
14.313 -5.832
14.312 -5.834
14.310 -5.838
14.309 -5.841
14.307 -5.849
14.306 -5.846
14.304 -5.849
14.303 -5.852
14.301 -5.855
14.300 -5.857
14.299 -5.860
14.297 -5.863
14.296 -5.866
14.294 -5.869
14.293 -5.871
14.291 -5.874
14.290 -5.877
14.289 -5.880
14.287 -5.882
14.286 -5.885
14.284 -5.888
14.283 -5.890
14.282 -5.894
14.280 -5.896
14.279 -5.898
14.277 -5.901
14.276 -5.905
14.275 -5.907
14.273 -5.909
14.271 -5.914
14.269 -5.920
14.266 -5.923
14.263 -5.930
14.261 -5.936
14.258 -5.939
14.255 -5.944
14.253 -5.951
14.250 -5.958
14.248 -5.959
14.245 -5.964
14.243 -5.969
14.240 -5.974
14.238 -5.986
14.235 -5.985
14.233 -5.989
14.230 -5.994
14.228 -5.999
14.225 -6.003
14.223 -6.008
14.220 -6.013
14.218 -6.026
14.216 -6.024
14.213 -6.027
14.211 -6.032
14.208 -6.036
14.206 -6.047
14.204 -6.058
14.202 -6.050
14.199 -6.055
14.197 -6.059
14.195 -6.064
14.192 -6.068
14.190 -6.073
14.188 -6.088
14.186 -6.082
14.183 -6.086
14.181 -6.090
14.179 -6.094
14.177 -6.099
14.175 -6.103
14.173 -6.107
14.170 -6.112
14.168 -6.116
14.166 -6.120
14.164 -6.124
14.162 -6.128
14.160 -6.133
14.158 -6.137
14.156 -6.141
14.154 -6.145
14.152 -6.149
14.149 -6.153
14.147 -6.157
14.145 -6.161
14.143 -6.165
14.141 -6.181
14.139 -6.174
14.137 -6.177
14.135 -6.181
14.133 -6.185
14.131 -6.189
14.129 -6.193
14.128 -6.196
14.126 -6.200
14.124 -6.204
14.122 -6.208
14.120 -6.212
14.118 -6.215
14.116 -6.219
14.114 -6.223
14.112 -6.226
14.110 -6.230
14.109 -6.234
14.107 -6.237
14.105 -6.241
14.103 -6.245
14.101 -6.248
14.099 -6.252
14.098 -6.256
14.096 -6.259
14.094 -6.263
14.092 -6.266
14.090 -6.270
14.089 -6.273
14.087 -6.277
14.085 -6.280
14.083 -6.284
14.081 -6.287
14.080 -6.291
14.078 -6.294
14.076 -6.298
14.075 -6.301
14.073 -6.305
14.071 -6.308
14.069 -6.311
14.068 -6.315
14.066 -6.318
14.064 -6.322
14.063 -6.325
14.061 -6.329
14.059 -6.333
14.058 -6.349
14.056 -6.339
14.054 -6.341
14.053 -6.345
14.051 -6.348
14.049 -6.353
14.048 -6.355
14.046 -6.358
14.045 -6.361
14.043 -6.364
14.041 -6.367
14.040 -6.370
14.038 -6.374
14.037 -6.380
14.035 -6.381
14.034 -6.383
14.032 -6.386
14.030 -6.389
14.029 -6.392
14.027 -6.395
14.026 -6.398
14.024 -6.401
14.023 -6.405
14.021 -6.408
14.020 -6.412
14.018 -6.418
14.017 -6.417
14.015 -6.420
14.014 -6.423
14.012 -6.426
14.011 -6.429
14.009 -6.432
14.008 -6.434
14.006 -6.437
14.005 -6.440
14.003 -6.443
14.002 -6.446
14.000 -6.449
13.999 -6.452
13.998 -6.455
13.996 -6.458
13.995 -6.466
13.993 -6.467
13.992 -6.466
13.990 -6.469
13.989 -6.472
13.988 -6.475
13.986 -6.478
13.985 -6.480
13.983 -6.483
13.982 -6.486
13.981 -6.489
13.979 -6.491
13.978 -6.494
13.976 -6.497
13.975 -6.500
13.974 -6.502
13.972 -6.505
13.970 -6.509
13.968 -6.515
13.965 -6.520
13.962 -6.525
13.960 -6.537
13.957 -6.537
13.954 -6.541
13.952 -6.546
13.949 -6.551
13.947 -6.557
13.944 -6.562
13.942 -6.567
13.939 -6.572
13.936 -6.577
13.934 -6.582
13.932 -6.587
13.929 -6.592
13.927 -6.597
13.924 -6.602
13.922 -6.606
13.919 -6.611
13.917 -6.616
13.915 -6.621
13.912 -6.626
13.910 -6.630
13.907 -6.635
13.905 -6.644
13.903 -6.650
13.900 -6.649
13.898 -6.654
13.896 -6.658
13.894 -6.663
13.891 -6.667
13.889 -6.672
13.887 -6.676
13.885 -6.681
13.882 -6.685
13.880 -6.690
13.878 -6.694
13.876 -6.699
13.874 -6.703
13.872 -6.708
13.869 -6.720
13.867 -6.716
13.865 -6.720
13.863 -6.724
13.861 -6.729
13.859 -6.733
13.857 -6.739
13.855 -6.741
13.853 -6.746
13.850 -6.750
13.848 -6.754
13.846 -6.758
13.844 -6.762
13.842 -6.766
13.840 -6.770
13.838 -6.774
13.836 -6.780
13.834 -6.783
13.832 -6.786
13.830 -6.790
13.828 -6.794
13.827 -6.798
13.825 -6.802
13.823 -6.806
13.821 -6.810
13.819 -6.813
13.817 -6.817
13.815 -6.821
13.813 -6.825
13.811 -6.829
13.809 -6.843
13.808 -6.841
13.806 -6.841
13.804 -6.844
13.802 -6.847
13.800 -6.851
13.798 -6.855
13.796 -6.858
13.795 -6.862
13.793 -6.866
13.791 -6.869
13.789 -6.873
13.788 -6.877
13.786 -6.880
13.784 -6.884
13.782 -6.887
13.780 -6.891
13.779 -6.894
13.777 -6.898
13.775 -6.901
13.774 -6.905
13.772 -6.908
13.770 -6.912
13.768 -6.916
13.767 -6.925
13.765 -6.922
13.763 -6.925
13.762 -6.929
13.760 -6.932
13.758 -6.936
13.757 -6.939
13.755 -6.942
13.753 -6.946
13.752 -6.949
13.750 -6.952
13.748 -6.955
13.747 -6.959
13.745 -6.962
13.744 -6.965
13.742 -6.968
13.740 -6.972
13.739 -6.975
13.737 -6.978
13.736 -6.981
13.734 -6.985
13.733 -6.988
13.731 -6.991
13.729 -6.994
13.728 -6.997
13.726 -7.000
13.725 -7.003
13.723 -7.006
13.722 -7.010
13.720 -7.013
13.719 -7.016
13.717 -7.019
13.716 -7.022
13.714 -7.025
13.713 -7.028
13.711 -7.031
13.710 -7.034
13.708 -7.037
13.707 -7.041
13.705 -7.052
13.704 -7.047
13.702 -7.050
13.701 -7.052
13.699 -7.055
13.698 -7.058
13.697 -7.061
13.695 -7.063
13.694 -7.066
13.692 -7.069
13.691 -7.072
13.689 -7.075
13.688 -7.078
13.687 -7.081
13.685 -7.084
13.684 -7.086
13.682 -7.089
13.681 -7.092
13.680 -7.095
13.678 -7.099
13.677 -7.101
13.675 -7.103
13.674 -7.106
13.673 -7.109
13.671 -7.112
13.669 -7.116
13.667 -7.121
13.664 -7.127
13.661 -7.132
13.659 -7.137
13.656 -7.143
13.653 -7.148
13.651 -7.153
13.648 -7.159
13.646 -7.166
13.643 -7.169
13.640 -7.174
13.638 -7.179
13.635 -7.184
13.633 -7.189
13.630 -7.194
13.628 -7.199
13.626 -7.204
13.623 -7.209
13.621 -7.214
13.618 -7.219
13.616 -7.224
13.613 -7.229
13.611 -7.234
13.609 -7.238
13.606 -7.243
13.604 -7.257
13.602 -7.262
13.599 -7.258
13.597 -7.262
13.595 -7.267
13.593 -7.271
13.590 -7.276
13.588 -7.280
13.586 -7.285
13.584 -7.290
13.581 -7.294
13.579 -7.299
13.577 -7.303
13.575 -7.307
13.573 -7.312
13.570 -7.316
13.568 -7.321
13.566 -7.325
13.564 -7.329
13.562 -7.334
13.560 -7.338
13.558 -7.342
13.556 -7.346
13.554 -7.351
13.552 -7.355
13.549 -7.359
13.547 -7.363
13.545 -7.367
13.543 -7.371
13.541 -7.376
13.539 -7.380
13.537 -7.384
13.535 -7.391
13.533 -7.395
13.531 -7.396
13.529 -7.400
13.527 -7.404
13.525 -7.408
13.524 -7.412
13.522 -7.416
13.520 -7.420
13.518 -7.423
13.516 -7.427
13.514 -7.431
13.512 -7.435
13.510 -7.439
13.508 -7.443
13.506 -7.446
13.505 -7.452
13.503 -7.454
13.501 -7.458
13.499 -7.461
13.497 -7.465
13.495 -7.469
13.494 -7.473
13.492 -7.476
13.490 -7.480
13.488 -7.483
13.486 -7.487
13.485 -7.491
13.483 -7.494
13.481 -7.498
13.479 -7.501
13.478 -7.505
13.476 -7.509
13.176 -8.121
12.875 -8.738
12.699 -9.099
12.574 -9.355
