16.518 -40.503
16.506 -40.503
16.494 -40.503
16.487 -40.503
16.479 -40.499
16.468 -40.424
16.461 -40.175
16.453 -39.728
16.445 -39.104
16.434 -38.293
16.420 -37.263
16.406 -36.240
16.393 -35.353
16.381 -34.514
16.373 -33.987
16.368 -33.698
16.361 -33.242
16.355 -32.841
16.350 -32.533
16.341 -31.994
16.331 -31.380
16.321 -30.740
16.309 -30.060
16.298 -29.430
16.286 -28.767
16.276 -28.225
16.267 -27.761
16.257 -27.205
16.246 -26.635
16.238 -26.239
16.229 -25.819
16.221 -25.414
16.217 -25.240
16.207 -24.744
16.196 -24.216
16.189 -23.914
16.179 -23.463
16.172 -23.134
16.165 -22.833
16.154 -22.336
16.142 -21.846
16.135 -21.548
16.129 -21.291
16.121 -20.994
16.115 -19.398
16.108 -19.029
16.097 -18.639
16.085 -18.239
16.075 -17.887
16.067 -17.654
16.062 -17.455
16.055 -17.245
16.048 -17.014
16.040 -16.767
16.032 -16.526
16.024 -16.262
16.014 -15.998
16.006 -15.743
15.998 -15.541
15.988 -15.269
15.974 -14.881
15.961 -14.540
15.948 -14.202
15.935 -13.893
15.924 -13.557
15.913 -13.295
15.903 -13.071
15.891 -12.822
15.880 -12.582
15.869 -12.363
15.860 -12.168
15.852 -12.011
15.843 -11.850
15.832 -11.644
15.823 -11.467
15.814 -11.318
15.805 -11.152
15.796 -10.996
15.787 -10.844
15.778 -10.700
15.773 -9.971
15.768 -9.169
15.761 -9.084
15.753 -8.971
15.744 -8.917
15.736 -8.767
15.729 -8.694
15.721 -8.597
15.713 -8.584
15.706 -8.465
15.699 -8.396
15.691 -8.316
15.684 -8.264
15.677 -8.213
15.671 -8.206
15.664 -8.224
15.659 -8.103
15.654 -8.030
15.648 -7.977
15.641 -7.938
15.635 -7.839
15.629 -7.803
15.622 -7.741
15.616 -7.702
15.611 -7.666
15.605 -7.609
15.599 -7.565
15.593 -7.522
15.588 -7.479
15.582 -7.438
15.576 -7.408
15.571 -7.374
15.566 -7.341
15.560 -7.298
15.555 -7.297
15.550 -7.246
15.545 -7.218
15.540 -7.180
15.535 -7.144
15.530 -7.106
15.525 -7.076
15.520 -7.064
15.515 -6.959
15.511 -6.338
15.506 -5.929
15.501 -5.451
15.497 -5.216
15.492 -5.073
15.488 -5.820
15.483 -5.008
15.479 -5.020
15.475 -4.953
15.470 -4.995
15.466 -5.564
15.462 -5.100
15.458 -4.862
15.454 -4.876
15.449 -4.967
15.445 -4.896
15.441 -4.938
15.437 -4.883
15.433 -4.921
15.430 -4.933
15.426 -5.001
15.422 -4.902
15.418 -4.955
15.414 -4.923
15.410 -4.921
15.407 -5.104
15.403 -4.927
15.399 -4.978
15.396 -5.156
15.392 -5.505
15.389 -5.078
15.385 -4.938
15.382 -4.933
15.378 -4.933
15.375 -4.927
15.371 -4.910
15.368 -4.907
15.365 -5.041
15.361 -5.025
15.358 -4.912
15.355 -4.939
15.351 -4.956
15.348 -4.938
15.345 -4.936
15.342 -4.970
15.339 -4.973
15.335 -4.971
15.332 -5.065
15.329 -5.035
15.326 -5.004
15.323 -5.003
15.320 -4.992
15.318 -4.977
15.316 -4.982
15.314 -4.989
15.311 -5.014
15.308 -5.008
15.305 -5.014
15.302 -5.013
15.299 -5.049
15.297 -5.085
15.296 -5.070
15.294 -5.053
15.291 -5.106
15.288 -5.105
15.285 -5.114
15.282 -5.088
15.280 -5.063
15.277 -5.062
15.274 -5.059
15.271 -5.054
15.269 -5.058
15.266 -5.060
15.263 -5.038
15.261 -5.039
15.258 -5.043
15.255 -5.029
15.254 -5.043
15.252 -5.020
15.250 -5.024
15.248 -5.039
15.245 -5.051
15.243 -5.065
15.240 -5.072
15.238 -5.052
15.235 -5.059
15.233 -5.052
15.230 -5.065
15.228 -5.073
15.225 -5.067
15.223 -5.051
15.220 -5.048
15.218 -5.082
15.216 -5.065
15.213 -5.077
15.211 -5.106
15.208 -5.106
15.206 -5.097
15.204 -5.074
15.202 -5.112
15.199 -5.135
15.197 -5.105
15.195 -5.123
15.192 -5.137
15.190 -5.116
15.188 -5.104
15.186 -5.136
15.183 -5.105
15.181 -5.087
15.179 -5.115
15.177 -5.117
15.175 -5.103
15.173 -5.107
15.170 -5.092
15.168 -5.120
15.166 -5.112
15.164 -5.122
15.162 -5.117
15.160 -5.101
15.159 -5.132
15.158 -5.114
15.156 -5.132
15.154 -5.117
15.152 -5.116
15.149 -5.109
15.147 -5.115
15.145 -5.129
15.143 -5.113
15.141 -5.113
15.139 -5.116
15.137 -5.124
15.135 -5.118
15.133 -5.119
15.131 -5.122
15.129 -5.130
15.128 -5.130
15.126 -5.126
15.124 -5.136
15.122 -5.129
15.120 -5.131
15.118 -5.129
15.116 -5.150
15.114 -5.137
15.112 -5.145
15.110 -5.146
15.109 -5.156
15.107 -5.154
15.105 -5.152
15.103 -5.155
15.101 -5.158
15.099 -5.159
15.098 -5.158
15.096 -5.164
15.094 -5.164
15.092 -5.161
15.090 -5.170
15.089 -5.167
15.087 -5.165
15.085 -5.170
15.083 -5.172
15.081 -5.173
15.080 -5.196
15.078 -5.178
15.077 -5.195
15.076 -5.179
15.075 -5.184
15.073 -5.187
15.071 -5.195
15.069 -5.188
15.068 -5.190
15.066 -5.188
15.064 -5.188
15.063 -5.190
15.061 -5.191
15.059 -5.192
15.058 -5.193
15.056 -5.194
15.054 -5.194
15.053 -5.194
15.051 -5.204
15.049 -5.202
15.048 -5.200
15.046 -5.211
15.045 -5.211
15.043 -5.211
15.041 -5.214
15.040 -5.211
15.038 -5.221
15.037 -5.219
15.035 -5.221
15.034 -5.215
15.032 -5.219
15.030 -5.232
15.029 -5.225
15.027 -5.222
15.026 -5.228
15.024 -5.240
15.023 -5.230
15.021 -5.232
15.020 -5.231
15.018 -5.233
15.017 -5.235
15.015 -5.237
15.013 -5.241
15.010 -5.243
15.007 -5.251
15.004 -5.250
15.001 -5.255
14.998 -5.260
14.995 -5.259
14.993 -5.262
14.990 -5.265
14.987 -5.272
14.984 -5.272
14.981 -5.276
14.979 -5.278
14.976 -5.284
14.973 -5.290
14.970 -5.288
14.968 -5.292
14.965 -5.295
14.962 -5.298
14.960 -5.302
14.957 -5.304
14.954 -5.308
14.952 -5.311
14.949 -5.314
14.947 -5.317
14.944 -5.320
14.942 -5.325
14.939 -5.329
14.936 -5.331
14.934 -5.335
14.932 -5.337
14.929 -5.339
14.927 -5.342
14.924 -5.342
14.922 -5.350
14.919 -5.352
14.917 -5.355
14.916 -5.352
14.915 -5.356
14.912 -5.356
14.910 -5.358
14.907 -5.369
14.905 -5.380
14.903 -5.379
14.900 -5.386
14.898 -5.361
14.896 -5.338
14.894 -5.396
14.891 -5.314
14.889 -5.300
14.887 -5.411
14.885 -5.294
14.882 -5.295
14.880 -5.300
14.878 -5.425
14.876 -5.311
14.874 -5.300
14.872 -5.330
14.869 -5.301
14.867 -5.315
14.865 -5.360
14.863 -5.417
14.861 -5.329
14.859 -5.324
14.857 -5.321
14.855 -5.321
14.853 -5.322
14.850 -5.327
14.848 -5.333
14.846 -5.342
14.844 -5.341
14.842 -5.352
14.840 -5.406
14.838 -5.444
14.836 -5.364
14.834 -5.372
14.832 -5.360
14.830 -5.362
14.828 -5.363
14.827 -5.393
14.825 -5.372
14.823 -5.370
14.821 -5.374
14.819 -5.376
14.817 -5.380
14.815 -5.383
14.813 -5.388
14.811 -5.391
14.809 -5.397
14.808 -5.396
14.806 -5.397
14.804 -5.411
14.802 -5.406
14.800 -5.409
14.798 -5.407
14.796 -5.412
14.795 -5.418
14.793 -5.426
14.791 -5.471
14.789 -5.520
14.788 -5.436
14.786 -5.433
14.784 -5.448
14.782 -5.436
14.780 -5.436
14.779 -5.440
14.777 -5.455
14.775 -5.446
14.774 -5.455
14.772 -5.451
14.770 -5.454
14.768 -5.458
14.767 -5.463
14.765 -5.466
14.763 -5.465
14.762 -5.468
14.760 -5.472
14.758 -5.473
14.757 -5.476
14.755 -5.479
14.753 -5.481
14.752 -5.484
14.750 -5.487
14.748 -5.491
14.747 -5.492
14.745 -5.494
14.744 -5.497
14.742 -5.500
14.740 -5.503
14.739 -5.506
14.737 -5.508
14.736 -5.510
14.734 -5.513
14.733 -5.515
14.731 -5.518
14.729 -5.520
14.728 -5.523
14.726 -5.525
14.725 -5.530
14.723 -5.534
14.722 -5.536
14.720 -5.536
14.719 -5.538
14.717 -5.542
14.716 -5.543
14.714 -5.546
14.713 -5.548
14.711 -5.551
14.710 -5.553
14.708 -5.573
14.707 -5.563
14.705 -5.561
14.704 -5.564
14.702 -5.567
14.701 -5.568
14.699 -5.571
14.698 -5.573
14.697 -5.575
14.695 -5.578
14.694 -5.580
14.692 -5.582
14.691 -5.585
14.689 -5.587
14.688 -5.591
14.687 -5.592
14.685 -5.594
14.684 -5.596
14.682 -5.599
14.681 -5.602
14.680 -5.604
14.678 -5.606
14.677 -5.608
14.675 -5.610
14.674 -5.614
14.673 -5.615
14.671 -5.617
14.670 -5.620
14.669 -5.622
14.667 -5.624
14.666 -5.628
14.665 -5.630
14.663 -5.633
14.662 -5.638
14.661 -5.664
14.659 -5.720
14.658 -5.652
14.657 -5.645
14.655 -5.645
14.654 -5.646
14.653 -5.655
14.651 -5.657
14.650 -5.653
14.649 -5.655
14.648 -5.657
14.646 -5.659
14.645 -5.664
14.644 -5.664
14.642 -5.666
14.641 -5.668
14.640 -5.670
14.639 -5.672
14.637 -5.675
14.636 -5.677
14.635 -5.679
14.634 -5.681
14.632 -5.683
14.631 -5.685
14.630 -5.687
14.629 -5.689
14.627 -5.700
14.626 -5.693
14.625 -5.696
14.624 -5.698
14.623 -5.700
14.621 -5.702
14.620 -5.704
14.619 -5.706
14.618 -5.714
14.616 -5.710
14.615 -5.712
14.614 -5.718
14.613 -5.716
14.612 -5.718
14.611 -5.720
14.609 -5.722
14.608 -5.724
14.607 -5.726
14.606 -5.728
14.605 -5.730
14.604 -5.733
14.602 -5.734
14.601 -5.736
14.600 -5.738
14.599 -5.740
14.598 -5.742
14.597 -5.744
14.595 -5.746
14.594 -5.748
14.593 -5.750
14.592 -5.752
14.591 -5.754
14.590 -5.756
14.589 -5.758
14.588 -5.760
14.586 -5.764
14.585 -5.764
14.584 -5.766
14.583 -5.767
14.582 -5.770
14.581 -5.772
14.580 -5.774
14.579 -5.775
14.578 -5.777
14.576 -5.779
14.575 -5.781
14.574 -5.784
14.573 -5.785
14.572 -5.787
14.571 -5.789
14.570 -5.791
14.569 -5.793
14.568 -5.795
14.567 -5.796
14.566 -5.798
14.565 -5.800
14.564 -5.802
14.562 -5.805
14.561 -5.806
14.560 -5.807
14.559 -5.811
14.558 -5.811
14.557 -5.812
14.556 -5.814
14.555 -5.818
14.554 -5.819
14.553 -5.820
14.552 -5.821
14.551 -5.823
14.550 -5.829
14.549 -5.827
14.548 -5.830
14.547 -5.831
14.546 -5.834
14.545 -5.836
14.544 -5.835
14.543 -5.846
14.542 -5.843
14.541 -5.838
14.540 -5.848
14.539 -5.860
14.538 -5.844
14.537 -5.841
14.536 -5.853
14.535 -5.880
14.534 -5.862
14.533 -5.846
14.532 -5.845
14.531 -5.851
14.530 -5.879
14.529 -5.902
14.528 -5.863
14.527 -5.853
14.526 -5.852
14.525 -5.852
14.524 -5.856
14.523 -5.873
14.522 -5.920
14.521 -5.901
14.520 -5.870
14.519 -5.869
14.518 -5.864
14.517 -5.863
14.516 -5.865
14.515 -5.867
14.514 -5.871
14.514 -5.877
14.513 -5.903
14.512 -5.954
14.511 -5.908
14.510 -5.888
14.509 -5.881
14.508 -5.883
14.507 -5.882
14.506 -5.882
14.505 -5.883
14.504 -5.885
14.503 -5.888
14.502 -5.889
14.501 -5.891
14.500 -5.897
14.500 -5.898
14.499 -5.909
14.498 -5.935
14.497 -5.983
14.496 -5.928
14.495 -5.910
14.494 -5.908
14.493 -5.910
14.492 -5.907
14.491 -5.908
14.490 -5.910
14.490 -5.913
14.489 -5.913
14.488 -5.915
14.487 -5.916
14.486 -5.918
14.485 -5.919
14.484 -5.921
14.483 -5.922
14.483 -5.924
14.482 -5.926
14.481 -5.930
14.480 -5.929
14.479 -5.932
14.478 -5.934
14.477 -5.937
14.476 -5.967
14.474 -5.978
14.471 -5.949
14.469 -5.949
14.467 -5.952
14.465 -5.956
14.463 -5.962
14.461 -5.963
14.459 -5.967
14.457 -5.971
14.455 -5.975
14.453 -5.979
14.450 -5.982
14.448 -5.987
14.446 -5.990
14.444 -5.994
14.442 -6.003
14.440 -6.005
14.438 -6.054
14.436 -6.027
14.434 -6.017
14.432 -6.017
14.431 -6.019
14.429 -6.023
14.427 -6.026
14.425 -6.030
14.423 -6.034
14.421 -6.037
14.419 -6.040
14.417 -6.044
14.415 -6.047
14.413 -6.051
14.411 -6.054
14.410 -6.058
14.408 -6.061
14.406 -6.065
14.404 -6.068
14.402 -6.071
14.400 -6.074
14.399 -6.085
14.397 -6.081
14.395 -6.084
14.393 -6.088
14.391 -6.091
14.390 -6.094
14.388 -6.098
14.386 -6.101
14.384 -6.104
14.383 -6.107
14.381 -6.111
14.379 -6.115
14.377 -6.117
14.376 -6.120
14.374 -6.124
14.372 -6.128
14.370 -6.143
14.369 -6.183
14.367 -6.144
14.365 -6.141
14.364 -6.147
14.362 -6.145
14.360 -6.148
14.359 -6.152
14.357 -6.155
14.355 -6.158
14.354 -6.161
14.352 -6.164
14.351 -6.167
14.349 -6.170
14.347 -6.173
14.346 -6.176
14.344 -6.179
14.342 -6.182
14.341 -6.185
14.339 -6.188
14.338 -6.191
14.336 -6.194
14.335 -6.196
14.333 -6.200
14.331 -6.202
14.330 -6.205
14.328 -6.208
14.327 -6.211
14.325 -6.214
14.324 -6.217
14.322 -6.219
14.321 -6.222
14.319 -6.225
14.318 -6.228
14.316 -6.231
14.315 -6.234
14.313 -6.236
14.312 -6.239
14.310 -6.242
14.309 -6.245
14.307 -6.247
14.306 -6.250
14.304 -6.253
14.303 -6.255
14.301 -6.258
14.300 -6.261
14.299 -6.265
14.297 -6.266
14.296 -6.269
14.294 -6.271
14.293 -6.274
14.291 -6.277
14.290 -6.279
14.289 -6.282
14.287 -6.285
14.286 -6.288
14.284 -6.291
14.283 -6.292
14.282 -6.296
14.280 -6.299
14.279 -6.300
14.277 -6.303
14.276 -6.310
14.275 -6.309
14.273 -6.309
14.271 -6.315
14.269 -6.324
14.266 -6.322
14.263 -6.332
14.261 -6.343
14.258 -6.336
14.255 -6.341
14.253 -6.354
14.250 -6.366
14.248 -6.356
14.245 -6.363
14.243 -6.364
14.240 -6.371
14.238 -6.398
14.235 -6.384
14.233 -6.383
14.230 -6.388
14.228 -6.392
14.225 -6.397
14.223 -6.402
14.220 -6.408
14.218 -6.436
14.216 -6.424
14.213 -6.421
14.211 -6.424
14.208 -6.430
14.206 -6.440
14.204 -6.466
14.202 -6.445
14.199 -6.447
14.197 -6.453
14.195 -6.455
14.192 -6.460
14.190 -6.468
14.188 -6.499
14.186 -6.477
14.183 -6.477
14.181 -6.481
14.179 -6.485
14.177 -6.489
14.175 -6.493
14.173 -6.497
14.170 -6.502
14.168 -6.506
14.166 -6.510
14.164 -6.515
14.162 -6.518
14.160 -6.522
14.158 -6.526
14.156 -6.530
14.154 -6.534
14.152 -6.540
14.149 -6.542
14.147 -6.546
14.145 -6.550
14.143 -6.557
14.141 -6.589
14.139 -6.567
14.137 -6.566
14.135 -6.569
14.133 -6.573
14.131 -6.576
14.129 -6.580
14.128 -6.584
14.126 -6.588
14.124 -6.591
14.122 -6.595
14.120 -6.599
14.118 -6.602
14.116 -6.606
14.114 -6.610
14.112 -6.613
14.110 -6.617
14.109 -6.620
14.107 -6.624
14.105 -6.628
14.103 -6.631
14.101 -6.635
14.099 -6.638
14.098 -6.642
14.096 -6.645
14.094 -6.649
14.092 -6.652
14.090 -6.656
14.089 -6.659
14.087 -6.662
14.085 -6.666
14.083 -6.670
14.081 -6.673
14.080 -6.676
14.078 -6.679
14.076 -6.683
14.075 -6.687
14.073 -6.690
14.071 -6.693
14.069 -6.696
14.068 -6.701
14.066 -6.703
14.064 -6.706
14.063 -6.709
14.061 -6.714
14.059 -6.723
14.058 -6.750
14.056 -6.727
14.054 -6.725
14.053 -6.729
14.051 -6.733
14.049 -6.741
14.048 -6.740
14.046 -6.740
14.045 -6.742
14.043 -6.745
14.041 -6.749
14.040 -6.752
14.038 -6.757
14.037 -6.770
14.035 -6.768
14.034 -6.766
14.032 -6.767
14.030 -6.770
14.029 -6.773
14.027 -6.776
14.026 -6.779
14.024 -6.782
14.023 -6.785
14.021 -6.790
14.020 -6.798
14.018 -6.812
14.017 -6.801
14.015 -6.801
14.014 -6.803
14.012 -6.806
14.011 -6.809
14.009 -6.811
14.008 -6.814
14.006 -6.817
14.005 -6.820
14.003 -6.823
14.002 -6.826
14.000 -6.829
13.999 -6.831
13.998 -6.835
13.996 -6.840
13.995 -6.858
13.993 -6.856
13.992 -6.848
13.990 -6.849
13.989 -6.851
13.988 -6.854
13.986 -6.857
13.985 -6.859
13.983 -6.862
13.982 -6.865
13.981 -6.868
13.979 -6.870
13.978 -6.873
13.976 -6.876
13.975 -6.878
13.974 -6.881
13.972 -6.884
13.970 -6.888
13.968 -6.893
13.965 -6.898
13.962 -6.904
13.960 -6.926
13.957 -6.920
13.954 -6.920
13.952 -6.924
13.949 -6.929
13.947 -6.934
13.944 -6.939
13.942 -6.944
13.939 -6.949
13.936 -6.954
13.934 -6.959
13.932 -6.964
13.929 -6.969
13.927 -6.974
13.924 -6.978
13.922 -6.983
13.919 -6.988
13.917 -6.993
13.915 -6.997
13.912 -7.002
13.910 -7.007
13.907 -7.013
13.905 -7.026
13.903 -7.033
13.900 -7.026
13.898 -7.030
13.896 -7.034
13.894 -7.039
13.891 -7.042
13.889 -7.047
13.887 -7.052
13.885 -7.057
13.882 -7.060
13.880 -7.064
13.878 -7.068
13.876 -7.073
13.874 -7.079
13.872 -7.086
13.869 -7.103
13.867 -7.092
13.865 -7.094
13.863 -7.098
13.861 -7.103
13.859 -7.108
13.857 -7.116
13.855 -7.116
13.853 -7.119
13.850 -7.123
13.848 -7.127
13.846 -7.131
13.844 -7.136
13.842 -7.139
13.840 -7.143
13.838 -7.148
13.836 -7.159
13.834 -7.159
13.832 -7.159
13.830 -7.163
13.828 -7.166
13.827 -7.170
13.825 -7.174
13.823 -7.177
13.821 -7.181
13.819 -7.185
13.817 -7.189
13.815 -7.193
13.813 -7.198
13.811 -7.203
13.809 -7.226
13.808 -7.223
13.806 -7.216
13.804 -7.216
13.802 -7.219
13.800 -7.222
13.798 -7.226
13.796 -7.229
13.795 -7.233
13.793 -7.237
13.791 -7.240
13.789 -7.244
13.788 -7.247
13.786 -7.251
13.784 -7.254
13.782 -7.258
13.780 -7.261
13.779 -7.265
13.777 -7.268
13.775 -7.272
13.774 -7.275
13.772 -7.278
13.770 -7.283
13.768 -7.289
13.767 -7.305
13.765 -7.295
13.763 -7.296
13.762 -7.299
13.760 -7.302
13.758 -7.305
13.757 -7.309
13.755 -7.312
13.753 -7.315
13.752 -7.318
13.750 -7.322
13.748 -7.325
13.747 -7.328
13.745 -7.331
13.744 -7.335
13.742 -7.338
13.740 -7.341
13.739 -7.344
13.737 -7.347
13.736 -7.351
13.734 -7.354
13.733 -7.357
13.731 -7.360
13.729 -7.363
13.728 -7.366
13.726 -7.369
13.725 -7.372
13.723 -7.375
13.722 -7.379
13.720 -7.383
13.719 -7.385
13.717 -7.387
13.716 -7.390
13.714 -7.393
13.713 -7.396
13.711 -7.399
13.710 -7.403
13.708 -7.406
13.707 -7.413
13.705 -7.431
13.704 -7.418
13.702 -7.420
13.701 -7.422
13.699 -7.424
13.698 -7.425
13.697 -7.428
13.695 -7.431
13.694 -7.434
13.692 -7.437
13.691 -7.440
13.689 -7.443
13.688 -7.445
13.687 -7.448
13.685 -7.451
13.684 -7.454
13.682 -7.457
13.681 -7.460
13.680 -7.464
13.678 -7.471
13.677 -7.470
13.675 -7.471
13.674 -7.473
13.673 -7.476
13.671 -7.479
13.669 -7.483
13.667 -7.488
13.664 -7.493
13.661 -7.499
13.659 -7.504
13.656 -7.509
13.653 -7.515
13.651 -7.520
13.648 -7.527
13.646 -7.537
13.643 -7.536
13.640 -7.540
13.638 -7.545
13.635 -7.550
13.633 -7.555
13.630 -7.560
13.628 -7.565
13.626 -7.570
13.623 -7.575
13.621 -7.580
13.618 -7.585
13.616 -7.590
13.613 -7.594
13.611 -7.599
13.609 -7.604
13.606 -7.611
13.604 -7.629
13.602 -7.636
13.599 -7.627
13.597 -7.628
13.595 -7.632
13.593 -7.636
13.590 -7.641
13.588 -7.645
13.586 -7.651
13.584 -7.654
13.581 -7.659
13.579 -7.663
13.577 -7.668
13.575 -7.672
13.573 -7.676
13.570 -7.681
13.568 -7.685
13.566 -7.690
13.564 -7.694
13.562 -7.698
13.560 -7.702
13.558 -7.706
13.556 -7.710
13.554 -7.715
13.552 -7.719
13.549 -7.723
13.547 -7.727
13.545 -7.731
13.543 -7.735
13.541 -7.740
13.539 -7.746
13.537 -7.749
13.535 -7.759
13.533 -7.763
13.531 -7.760
13.529 -7.763
13.527 -7.767
13.525 -7.771
13.524 -7.775
13.522 -7.779
13.520 -7.783
13.518 -7.786
13.516 -7.790
13.514 -7.794
13.512 -7.798
13.510 -7.802
13.508 -7.805
13.506 -7.810
13.505 -7.817
13.503 -7.819
13.501 -7.821
13.499 -7.824
13.497 -7.828
13.495 -7.831
13.494 -7.835
13.492 -7.839
13.490 -7.842
13.488 -7.846
13.486 -7.849
13.485 -7.853
13.483 -7.857
13.481 -7.860
13.479 -7.864
13.478 -7.867
13.476 -7.871
13.176 -8.476
12.875 -9.086
12.699 -9.443
12.574 -9.696
