16.518 -40.503
16.506 -40.503
16.494 -40.503
16.487 -40.503
16.479 -40.503
16.468 -40.503
16.461 -40.503
16.453 -40.503
16.445 -40.503
16.434 -40.503
16.420 -40.503
16.406 -40.503
16.393 -40.503
16.381 -40.503
16.373 -40.503
16.368 -40.503
16.361 -40.503
16.355 -40.503
16.350 -40.503
16.341 -40.503
16.331 -1.791
16.321 -1.490
16.309 -0.998
16.298 -1.771
16.286 -1.390
16.276 -1.637
16.267 -1.293
16.257 -1.491
16.246 -1.628
16.238 -1.652
16.229 -1.567
16.221 -1.561
16.217 -1.700
16.207 -1.256
16.196 -1.668
16.189 -1.200
16.179 -99.007
16.172 -97.416
16.165 -95.966
16.154 -93.581
16.142 -91.238
16.135 -89.822
16.129 -88.603
16.121 -87.200
16.115 -86.055
16.108 -84.670
16.097 -82.679
16.085 -80.633
16.075 -78.869
16.067 -77.607
16.062 -76.716
16.055 -75.633
16.048 -74.456
16.040 -73.193
16.032 -71.977
16.024 -70.689
16.014 -69.341
16.006 -68.050
15.998 -67.013
15.988 -65.620
15.974 -63.738
15.961 -61.974
15.948 -60.317
15.935 -58.758
15.924 -57.431
15.913 -56.171
15.903 -54.973
15.891 -53.709
15.880 -52.512
15.869 -51.375
15.860 -50.400
15.852 -49.569
15.843 -48.771
15.832 -47.722
15.823 -46.814
15.814 -46.032
15.805 -45.199
15.796 -44.402
15.787 -43.638
15.778 -42.907
15.773 -42.355
15.768 -41.894
15.761 -41.359
15.753 -40.711
15.744 -40.094
15.736 -39.495
15.729 -38.921
15.721 -38.368
15.713 -37.840
15.706 -37.322
15.699 -36.826
15.691 -36.347
15.684 -35.884
15.677 -35.437
15.671 -35.004
15.664 -34.585
15.659 -34.260
15.654 -33.982
15.648 -33.595
15.641 -33.221
15.635 -32.857
15.629 -32.506
15.622 -32.130
15.616 -31.799
15.611 -31.509
15.605 -31.196
15.599 -30.891
15.593 -30.595
15.588 -30.308
15.582 -30.027
15.576 -29.756
15.571 -29.490
15.566 -29.231
15.560 -28.979
15.555 -28.734
15.550 -28.495
15.545 -28.262
15.540 -28.034
15.535 -27.813
15.530 -27.596
15.525 -27.385
15.520 -27.179
15.515 -23.630
15.511 -22.931
15.506 -22.766
15.501 -22.604
15.497 -22.414
15.492 -22.200
15.488 -22.095
15.483 -21.882
15.479 -21.719
15.475 -21.583
15.470 -21.442
15.466 -21.334
15.462 -21.094
15.458 -20.944
15.454 -20.861
15.449 -20.659
15.445 -20.533
15.441 -20.374
15.437 -20.276
15.433 -20.153
15.430 -20.031
15.426 -19.869
15.422 -19.713
15.418 -19.585
15.414 -19.467
15.410 -19.358
15.407 -19.229
15.403 -19.129
15.399 -19.049
15.396 -18.998
15.392 -19.176
15.389 -18.799
15.385 -18.603
15.382 -18.486
15.378 -18.396
15.375 -18.289
15.371 -18.192
15.368 -18.108
15.365 -18.016
15.361 -17.929
15.358 -17.826
15.355 -17.748
15.351 -17.667
15.348 -17.568
15.345 -17.474
15.342 -17.392
15.339 -17.306
15.335 -17.226
15.332 -17.144
15.329 -17.052
15.326 -16.958
15.323 -16.881
15.320 -16.795
15.318 -16.721
15.316 -16.698
15.314 -16.632
15.311 -16.541
15.308 -16.481
15.305 -16.409
15.302 -16.306
15.299 -16.226
15.297 -16.215
15.296 -16.146
15.294 -16.013
15.291 -15.394
15.288 -15.278
15.285 -15.078
15.282 -15.062
15.280 -14.738
15.277 -14.654
15.274 -14.617
15.271 -14.548
15.269 -14.499
15.266 -14.444
15.263 -14.316
15.261 -14.175
15.258 -14.259
15.255 -14.082
15.254 -14.185
15.252 -13.959
15.250 -13.764
15.248 -13.640
15.245 -13.551
15.243 -13.504
15.240 -13.381
15.238 -13.329
15.235 -13.218
15.233 -13.146
15.230 -13.143
15.228 -13.110
15.225 -12.960
15.223 -12.957
15.220 -12.865
15.218 -12.879
15.216 -12.792
15.213 -12.749
15.211 -12.784
15.208 -12.712
15.206 -12.608
15.204 -12.577
15.202 -12.527
15.199 -12.443
15.197 -12.437
15.195 -12.367
15.192 -12.371
15.190 -12.561
15.188 -12.270
15.186 -12.202
15.183 -12.138
15.181 -12.115
15.179 -12.084
15.177 -12.062
15.175 -12.035
15.173 -11.984
15.170 -12.041
15.168 -11.928
15.166 -11.888
15.164 -11.853
15.162 -11.839
15.160 -11.857
15.159 -11.769
15.158 -11.717
15.156 -11.546
15.154 -11.423
15.152 -11.336
15.149 -11.342
15.147 -11.254
15.145 -11.247
15.143 -11.231
15.141 -11.264
15.139 -11.227
15.137 -11.181
15.135 -11.108
15.133 -11.108
15.131 -11.121
15.129 -11.027
15.128 -10.876
15.126 -10.862
15.124 -10.908
15.122 -11.010
15.120 -10.947
15.118 -10.840
15.116 -10.828
15.114 -10.859
15.112 -10.748
15.110 -10.766
15.109 -10.651
15.107 -10.759
15.105 -10.692
15.103 -10.697
15.101 -10.663
15.099 -10.653
15.098 -10.606
15.096 -10.508
15.094 -10.589
15.092 -10.453
15.090 -10.418
15.089 -10.335
15.087 -10.303
15.085 -10.417
15.083 -10.399
15.081 -10.703
15.080 -10.533
15.078 -10.378
15.077 -10.514
15.076 -10.608
15.075 -10.596
15.073 -10.364
15.071 -10.294
15.069 -10.055
15.068 -10.087
15.066 -9.882
15.064 -9.866
15.063 -9.871
15.061 -9.879
15.059 -9.906
15.058 -9.770
15.056 -9.432
15.054 -9.384
15.053 -9.112
15.051 -9.380
15.049 -9.357
15.048 -9.190
15.046 -9.479
15.045 -9.313
15.043 -9.544
15.041 -9.783
15.040 -9.621
15.038 -9.687
15.037 -9.568
15.035 -9.414
15.034 -9.454
15.032 -9.649
15.030 -9.863
15.029 -9.790
15.027 -9.517
15.026 -9.514
15.024 -9.642
15.023 -9.822
15.021 -10.098
15.020 -9.689
15.018 -9.522
15.017 -9.377
15.015 -9.136
15.013 -8.926
15.010 -8.918
15.007 -9.007
15.004 -8.997
15.001 -9.029
14.998 -9.085
14.995 -8.917
14.993 -8.907
14.990 -8.708
14.987 -8.813
14.984 -8.571
14.981 -8.606
14.979 -8.560
14.976 -8.493
14.973 -8.570
14.970 -8.545
14.968 -8.615
14.965 -8.404
14.962 -8.269
14.960 -8.271
14.957 -8.347
14.954 -8.340
14.952 -8.368
14.949 -8.600
14.947 -8.494
14.944 -8.485
14.942 -8.412
14.939 -8.446
14.936 -8.411
14.934 -8.286
14.932 -8.228
14.929 -8.271
14.927 -8.174
14.924 -8.462
14.922 -8.420
14.919 -8.282
14.917 -8.234
14.916 -8.195
14.915 -8.117
14.912 -8.042
14.910 -8.128
14.907 -8.162
14.905 -8.483
14.903 -8.405
14.900 -8.147
14.898 -8.122
14.896 -8.197
14.894 -8.557
14.891 -8.354
14.889 -8.341
14.887 -8.203
14.885 -8.066
14.882 -8.430
14.880 -8.116
14.878 -8.286
14.876 -7.877
14.874 -7.813
14.872 -7.853
14.869 -7.875
14.867 -7.911
14.865 -7.765
14.863 -7.798
14.861 -7.813
14.859 -7.845
14.857 -7.813
14.855 -7.842
14.853 -7.828
14.850 -7.886
14.848 -7.811
14.846 -7.856
14.844 -7.879
14.842 -7.928
14.840 -7.736
14.838 -7.727
14.836 -7.692
14.834 -7.761
14.832 -7.721
14.830 -7.660
14.828 -7.651
14.827 -7.613
14.825 -7.596
14.823 -7.537
14.821 -7.596
14.819 -7.557
14.817 -7.531
14.815 -7.545
14.813 -7.534
14.811 -7.529
14.809 -7.529
14.808 -7.506
14.806 -7.509
14.804 -7.527
14.802 -7.508
14.800 -7.501
14.798 -7.503
14.796 -7.495
14.795 -7.481
14.793 -7.476
14.791 -7.481
14.789 -7.522
14.788 -7.488
14.786 -7.478
14.784 -7.499
14.782 -7.481
14.780 -7.472
14.779 -7.505
14.777 -7.532
14.775 -7.497
14.774 -7.512
14.772 -7.498
14.770 -7.512
14.768 -7.507
14.767 -7.517
14.765 -7.540
14.763 -7.650
14.762 -7.618
14.760 -7.523
14.758 -7.448
14.757 -7.411
14.755 -7.491
14.753 -7.410
14.752 -7.381
14.750 -7.442
14.748 -7.397
14.747 -7.399
14.745 -7.401
14.744 -7.414
14.742 -7.400
14.740 -7.388
14.739 -7.378
14.737 -7.375
14.736 -7.377
14.734 -7.364
14.733 -7.351
14.731 -7.366
14.729 -7.382
14.728 -7.356
14.726 -7.344
14.725 -7.338
14.723 -7.345
14.722 -7.338
14.720 -7.346
14.719 -7.315
14.717 -7.323
14.716 -7.317
14.714 -7.330
14.713 -7.313
14.711 -7.302
14.710 -7.312
14.708 -7.309
14.707 -7.419
14.705 -7.311
14.704 -7.302
14.702 -7.298
14.701 -7.293
14.699 -7.294
14.698 -7.298
14.697 -7.292
14.695 -7.282
14.694 -7.284
14.692 -7.290
14.691 -7.290
14.689 -7.311
14.688 -7.291
14.687 -7.321
14.685 -7.280
14.684 -7.278
14.682 -7.287
14.681 -7.294
14.680 -7.277
14.678 -7.270
14.677 -7.280
14.675 -7.276
14.674 -7.271
14.673 -7.271
14.671 -7.264
14.670 -7.271
14.669 -7.266
14.667 -7.273
14.666 -7.272
14.665 -7.273
14.663 -7.256
14.662 -7.251
14.661 -7.256
14.659 -7.275
14.658 -7.251
14.657 -7.244
14.655 -7.245
14.654 -7.243
14.653 -7.247
14.651 -7.239
14.650 -7.246
14.649 -7.235
14.648 -7.238
14.646 -7.235
14.645 -7.235
14.644 -7.235
14.642 -7.229
14.641 -7.236
14.640 -7.231
14.639 -7.228
14.637 -7.228
14.636 -7.228
14.635 -7.227
14.634 -7.225
14.632 -7.226
14.631 -7.231
14.630 -7.224
14.629 -7.220
14.627 -7.223
14.626 -7.222
14.625 -7.218
14.624 -7.223
14.623 -7.229
14.621 -7.220
14.620 -7.230
14.619 -7.222
14.618 -7.214
14.616 -7.213
14.615 -7.212
14.614 -7.219
14.613 -7.212
14.612 -7.215
14.611 -7.211
14.609 -7.207
14.608 -7.213
14.607 -7.215
14.606 -7.208
14.605 -7.208
14.604 -7.203
14.602 -7.205
14.601 -7.203
14.600 -7.198
14.599 -7.196
14.598 -7.198
14.597 -7.197
14.595 -7.198
14.594 -7.193
14.593 -7.193
14.592 -7.206
14.591 -7.192
14.590 -7.195
14.589 -7.192
14.588 -7.195
14.586 -7.185
14.585 -7.185
14.584 -7.186
14.583 -7.190
14.582 -7.187
14.581 -7.182
14.580 -7.184
14.579 -7.188
14.578 -7.195
14.576 -7.194
14.575 -7.182
14.574 -7.182
14.573 -7.185
14.572 -7.182
14.571 -7.185
14.570 -7.181
14.569 -7.187
14.568 -7.184
14.567 -7.178
14.566 -7.178
14.565 -7.178
14.564 -7.197
14.562 -7.185
14.561 -7.184
14.560 -7.177
14.559 -7.172
14.558 -7.173
14.557 -7.180
14.556 -7.185
14.555 -7.178
14.554 -7.174
14.553 -7.188
14.552 -7.171
14.551 -7.178
14.550 -7.172
14.549 -7.175
14.548 -7.177
14.547 -7.194
14.546 -7.181
14.545 -7.244
14.544 -7.166
14.543 -7.169
14.542 -7.169
14.541 -7.165
14.540 -7.170
14.539 -7.231
14.538 -7.182
14.537 -7.166
14.536 -7.167
14.535 -7.165
14.534 -7.162
14.533 -7.163
14.532 -7.180
14.531 -7.168
14.530 -7.160
14.529 -7.165
14.528 -7.156
14.527 -7.154
14.526 -7.160
14.525 -7.159
14.524 -7.157
14.523 -7.155
14.522 -7.170
14.521 -7.157
14.520 -7.150
14.519 -7.152
14.518 -7.162
14.517 -7.159
14.516 -7.152
14.515 -7.158
14.514 -7.160
14.514 -7.158
14.513 -7.164
14.512 -7.162
14.511 -7.166
14.510 -7.159
14.509 -7.159
14.508 -7.154
14.507 -7.154
14.506 -7.155
14.505 -7.155
14.504 -7.155
14.503 -7.168
14.502 -7.158
14.501 -7.163
14.500 -7.153
14.500 -7.151
14.499 -7.151
14.498 -7.153
14.497 -7.155
14.496 -7.152
14.495 -7.148
14.494 -7.150
14.493 -7.150
14.492 -7.155
14.491 -7.153
14.490 -7.147
14.490 -7.149
14.489 -7.149
14.488 -7.150
14.487 -7.148
14.486 -7.152
14.485 -7.144
14.484 -7.146
14.483 -7.142
14.483 -7.144
14.482 -7.142
14.481 -7.144
14.480 -7.140
14.479 -7.140
14.478 -7.139
14.477 -7.140
14.476 -7.139
14.474 -7.140
14.471 -7.138
14.469 -7.140
14.467 -7.138
14.465 -7.135
14.463 -7.138
14.461 -7.137
14.459 -7.133
14.457 -7.135
14.455 -7.132
14.453 -7.135
14.450 -7.134
14.448 -7.137
14.446 -7.133
14.444 -7.136
14.442 -7.143
14.440 -7.138
14.438 -7.136
14.436 -7.148
14.434 -7.144
14.432 -7.139
14.431 -7.139
14.429 -7.137
14.427 -7.135
14.425 -7.141
14.423 -7.134
14.421 -7.137
14.419 -7.138
14.417 -7.130
14.415 -7.128
14.413 -7.130
14.411 -7.134
14.410 -7.130
14.408 -7.124
14.406 -7.130
14.404 -7.135
14.402 -7.132
14.400 -7.122
14.399 -7.140
14.397 -7.128
14.395 -7.132
14.393 -7.124
14.391 -7.119
14.390 -7.119
14.388 -7.121
14.386 -7.119
14.384 -7.118
14.383 -7.120
14.381 -7.116
14.379 -7.118
14.377 -7.116
14.376 -7.116
14.374 -7.118
14.372 -7.115
14.370 -7.113
14.369 -7.126
14.367 -7.115
14.365 -7.117
14.364 -7.112
14.362 -7.114
14.360 -7.111
14.359 -7.120
14.357 -7.117
14.355 -7.110
14.354 -7.114
14.352 -7.112
14.351 -7.111
14.349 -7.107
14.347 -7.107
14.346 -7.106
14.344 -7.111
14.342 -7.109
14.341 -7.107
14.339 -7.104
14.338 -7.105
14.336 -7.103
14.335 -7.104
14.333 -7.103
14.331 -7.103
14.330 -7.105
14.328 -7.103
14.327 -7.109
14.325 -7.104
14.324 -7.110
14.322 -7.119
14.321 -7.104
14.319 -7.101
14.318 -7.112
14.316 -7.100
14.315 -7.107
14.313 -7.105
14.312 -7.102
14.310 -7.102
14.309 -7.107
14.307 -7.104
14.306 -7.102
14.304 -7.119
14.303 -7.095
14.301 -7.098
14.300 -7.129
14.299 -7.112
14.297 -7.096
14.296 -7.093
14.294 -7.098
14.293 -7.093
14.291 -7.093
14.290 -7.092
14.289 -7.089
14.287 -7.088
14.286 -7.093
14.284 -7.092
14.283 -7.087
14.282 -7.095
14.280 -7.093
14.279 -7.118
14.277 -7.095
14.276 -7.107
14.275 -7.095
14.273 -7.094
14.271 -7.091
14.269 -7.095
14.266 -7.092
14.263 -7.095
14.261 -7.098
14.258 -7.095
14.255 -7.100
14.253 -7.110
14.250 -7.111
14.248 -7.106
14.245 -7.116
14.243 -7.123
14.240 -7.125
14.238 -7.133
14.235 -7.132
14.233 -7.132
14.230 -7.135
14.228 -7.140
14.225 -7.141
14.223 -7.144
14.220 -7.150
14.218 -7.156
14.216 -7.160
14.213 -7.163
14.211 -7.173
14.208 -7.169
14.206 -7.177
14.204 -7.191
14.202 -7.182
14.199 -7.196
14.197 -7.187
14.195 -7.192
14.192 -7.195
14.190 -7.203
14.188 -7.214
14.186 -7.206
14.183 -7.210
14.181 -7.220
14.179 -7.219
14.177 -7.221
14.175 -7.220
14.173 -7.221
14.170 -7.229
14.168 -7.235
14.166 -7.232
14.164 -7.237
14.162 -7.246
14.160 -7.244
14.158 -7.248
14.156 -7.256
14.154 -7.254
14.152 -7.259
14.149 -7.261
14.147 -7.263
14.145 -7.266
14.143 -7.269
14.141 -7.280
14.139 -7.280
14.137 -7.282
14.135 -7.282
14.133 -7.293
14.131 -7.288
14.129 -7.294
14.128 -7.297
14.126 -7.300
14.124 -7.302
14.122 -7.308
14.120 -7.307
14.118 -7.316
14.116 -7.329
14.114 -7.323
14.112 -7.326
14.110 -7.344
14.109 -7.341
14.107 -7.336
14.105 -7.357
14.103 -7.347
14.101 -7.351
14.099 -7.369
14.098 -7.358
14.096 -7.358
14.094 -7.375
14.092 -7.369
14.090 -7.369
14.089 -7.378
14.087 -7.385
14.085 -7.377
14.083 -7.385
14.081 -7.397
14.080 -7.386
14.078 -7.388
14.076 -7.397
14.075 -7.395
14.073 -7.397
14.071 -7.404
14.069 -7.405
14.068 -7.406
14.066 -7.405
14.064 -7.417
14.063 -7.413
14.061 -7.413
14.059 -7.417
14.058 -7.428
14.056 -7.425
14.054 -7.429
14.053 -7.431
14.051 -7.436
14.049 -7.431
14.048 -7.433
14.046 -7.437
14.045 -7.439
14.043 -7.442
14.041 -7.444
14.040 -7.447
14.038 -7.448
14.037 -7.451
14.035 -7.455
14.034 -7.457
14.032 -7.459
14.030 -7.462
14.029 -7.465
14.027 -7.467
14.026 -7.469
14.024 -7.470
14.023 -7.475
14.021 -7.477
14.020 -7.479
14.018 -7.482
14.017 -7.484
14.015 -7.486
14.014 -7.489
14.012 -7.491
14.011 -7.499
14.009 -7.498
14.008 -7.501
14.006 -7.502
14.005 -7.506
14.003 -7.507
14.002 -7.510
14.000 -7.513
13.999 -7.516
13.998 -7.517
13.996 -7.520
13.995 -7.524
13.993 -7.527
13.992 -7.527
13.990 -7.531
13.989 -7.532
13.988 -7.537
13.986 -7.539
13.985 -7.539
13.983 -7.548
13.982 -7.544
13.981 -7.549
13.979 -7.549
13.978 -7.554
13.976 -7.555
13.975 -7.558
13.974 -7.560
13.972 -7.562
13.970 -7.565
13.968 -7.572
13.965 -7.575
13.962 -7.580
13.960 -7.587
13.957 -7.591
13.954 -7.597
13.952 -7.599
13.949 -7.604
13.947 -7.611
13.944 -7.615
13.942 -7.617
13.939 -7.623
13.936 -7.626
13.934 -7.630
13.932 -7.635
13.929 -7.641
13.927 -7.644
13.924 -7.650
13.922 -7.654
13.919 -7.656
13.917 -7.662
13.915 -7.668
13.912 -7.673
13.910 -7.679
13.907 -7.683
13.905 -7.685
13.903 -7.692
13.900 -7.693
13.898 -7.697
13.896 -7.701
13.894 -7.704
13.891 -7.708
13.889 -7.714
13.887 -7.718
13.885 -7.720
13.882 -7.724
13.880 -7.730
13.878 -7.733
13.876 -7.740
13.874 -7.742
13.872 -7.744
13.869 -7.751
13.867 -7.754
13.865 -7.756
13.863 -7.761
13.861 -7.763
13.859 -7.768
13.857 -7.772
13.855 -7.776
13.853 -7.784
13.850 -7.782
13.848 -7.788
13.846 -7.790
13.844 -7.804
13.842 -7.816
13.840 -7.815
13.838 -7.830
13.836 -7.836
13.834 -7.838
13.832 -7.854
13.830 -7.854
13.828 -7.856
13.827 -7.870
13.825 -7.867
13.823 -7.873
13.821 -7.883
13.819 -7.880
13.817 -7.881
13.815 -7.893
13.813 -7.890
13.811 -7.893
13.809 -7.896
13.808 -7.896
13.806 -7.899
13.804 -7.903
13.802 -7.901
13.800 -7.907
13.798 -7.910
13.796 -7.912
13.795 -7.918
13.793 -7.915
13.791 -7.920
13.789 -7.925
13.788 -7.927
13.786 -7.929
13.784 -7.933
13.782 -7.937
13.780 -7.939
13.779 -7.941
13.777 -7.947
13.775 -7.946
13.774 -7.952
13.772 -7.954
13.770 -7.955
13.768 -7.961
13.767 -7.961
13.765 -7.965
13.763 -7.965
13.762 -7.970
13.760 -7.972
13.758 -7.976
13.757 -7.977
13.755 -7.978
13.753 -7.984
13.752 -7.986
13.750 -7.988
13.748 -7.990
13.747 -7.993
13.745 -7.995
13.744 -7.998
13.742 -8.003
13.740 -8.003
13.739 -8.006
13.737 -8.009
13.736 -8.011
13.734 -8.011
13.733 -8.017
13.731 -8.016
13.729 -8.022
13.728 -8.023
13.726 -8.026
13.725 -8.027
13.723 -8.029
13.722 -8.034
13.720 -8.035
13.719 -8.037
13.717 -8.040
13.716 -8.043
13.714 -8.044
13.713 -8.048
13.711 -8.050
13.710 -8.052
13.708 -8.056
13.707 -8.059
13.705 -8.060
13.704 -8.063
13.702 -8.066
13.701 -8.067
13.699 -8.070
13.698 -8.073
13.697 -8.075
13.695 -8.078
13.694 -8.081
13.692 -8.084
13.691 -8.087
13.689 -8.088
13.688 -8.090
13.687 -8.093
13.685 -8.095
13.684 -8.097
13.682 -8.101
13.681 -8.104
13.680 -8.106
13.678 -8.108
13.677 -8.111
13.675 -8.112
13.674 -8.115
13.673 -8.117
13.671 -8.120
13.669 -8.124
13.667 -8.129
13.664 -8.134
13.661 -8.138
13.659 -8.143
13.656 -8.148
13.653 -8.153
13.651 -8.158
13.648 -8.163
13.646 -8.168
13.643 -8.172
13.640 -8.177
13.638 -8.182
13.635 -8.187
13.633 -8.191
13.630 -8.197
13.628 -8.201
13.626 -8.205
13.623 -8.210
13.621 -8.215
13.618 -8.219
13.616 -8.224
13.613 -8.228
13.611 -8.233
13.609 -8.237
13.606 -8.242
13.604 -8.247
13.602 -8.251
13.599 -8.255
13.597 -8.260
13.595 -8.264
13.593 -8.269
13.590 -8.273
13.588 -8.277
13.586 -8.282
13.584 -8.286
13.581 -8.290
13.579 -8.295
13.577 -8.299
13.575 -8.303
13.573 -8.307
13.570 -8.312
13.568 -8.315
13.566 -8.320
13.564 -8.324
13.562 -8.328
13.560 -8.332
13.558 -8.336
13.556 -8.340
13.554 -8.344
13.552 -8.348
13.549 -8.352
13.547 -8.356
13.545 -8.360
13.543 -8.363
13.541 -8.367
13.539 -8.371
13.537 -8.375
13.535 -8.379
13.533 -8.383
13.531 -8.387
13.529 -8.391
13.527 -8.394
13.525 -8.398
13.524 -8.402
13.522 -8.405
13.520 -8.409
13.518 -8.413
13.516 -8.417
13.514 -8.420
13.512 -8.424
13.510 -8.427
13.508 -8.431
13.506 -8.435
13.505 -8.438
13.503 -8.442
13.501 -8.446
13.499 -8.449
13.497 -8.452
13.495 -8.456
13.494 -8.459
13.492 -8.463
13.490 -8.466
13.488 -8.470
13.486 -8.474
13.485 -8.477
13.483 -8.480
13.481 -8.484
13.479 -8.487
13.478 -8.490
13.476 -8.493
13.176 -9.081
12.875 -9.680
12.699 -10.033
12.574 -10.285
