16.518 -40.503
16.506 -40.503
16.494 -40.503
16.487 -40.503
16.479 -40.503
16.468 -40.503
16.461 -40.503
16.453 -40.503
16.445 -40.503
16.434 -40.503
16.420 -40.503
16.406 -40.503
16.393 -40.503
16.381 -40.503
16.373 -40.503
16.368 -40.503
16.361 -40.503
16.355 -40.503
16.350 -40.503
16.341 -40.503
16.331 -40.503
16.321 -40.503
16.309 -40.503
16.298 -40.503
16.286 -40.503
16.276 -40.503
16.267 -40.503
16.257 -40.503
16.246 -40.503
16.238 -40.503
16.229 -40.503
16.221 -40.503
16.217 -40.503
16.207 -40.503
16.196 -40.503
16.189 -40.503
16.179 -40.503
16.172 -40.503
16.165 -40.503
16.154 -40.503
16.142 -40.503
16.135 -40.503
16.129 -40.503
16.121 -40.503
16.115 -40.503
16.108 -40.503
16.097 -40.503
16.085 -40.503
16.075 -40.503
16.067 -40.503
16.062 -40.503
16.055 -40.503
16.048 -40.503
16.040 -40.503
16.032 -40.503
16.024 -40.503
16.014 -40.503
16.006 -40.503
15.998 -40.503
15.988 -40.503
15.974 -40.503
15.961 -45.252
15.948 -44.072
15.935 -42.963
15.924 -42.020
15.913 -41.124
15.903 -40.273
15.891 -39.376
15.880 -38.527
15.869 -37.722
15.860 -37.031
15.852 -36.443
15.843 -35.878
15.832 -35.136
15.823 -34.494
15.814 -33.942
15.805 -33.354
15.796 -32.792
15.787 -32.254
15.778 -31.739
15.773 -31.315
15.768 -30.974
15.761 -30.598
15.753 -30.141
15.744 -29.710
15.736 -29.290
15.729 -28.887
15.721 -28.501
15.713 -28.133
15.706 -27.769
15.699 -27.423
15.691 -27.088
15.684 -26.766
15.677 -26.454
15.671 -26.153
15.664 -25.861
15.659 -25.635
15.654 -25.442
15.648 -25.174
15.641 -24.913
15.635 -24.661
15.629 -24.419
15.622 -24.157
15.616 -23.928
15.611 -23.728
15.605 -23.512
15.599 -23.301
15.593 -23.097
15.588 -22.899
15.582 -22.705
15.576 -22.520
15.571 -22.337
15.566 -22.158
15.560 -21.985
15.555 -21.816
15.550 -21.652
15.545 -21.492
15.540 -21.336
15.535 -21.186
15.530 -21.037
15.525 -20.892
15.520 -20.753
15.515 -17.868
15.511 -17.379
15.506 -17.240
15.501 -17.099
15.497 -16.944
15.492 -16.810
15.488 -16.692
15.483 -16.563
15.479 -16.450
15.475 -16.314
15.470 -16.196
15.466 -16.096
15.462 -15.974
15.458 -15.859
15.454 -15.750
15.449 -15.649
15.445 -15.541
15.441 -15.437
15.437 -15.342
15.433 -14.840
15.430 -14.306
15.426 -14.136
15.422 -13.988
15.418 -13.882
15.414 -13.828
15.410 -13.698
15.407 -13.631
15.403 -13.587
15.399 -13.900
15.396 -13.940
15.392 -14.488
15.389 -13.849
15.385 -13.442
15.382 -13.066
15.378 -12.673
15.375 -12.655
15.371 -12.384
15.368 -12.194
15.365 -12.072
15.361 -12.184
15.358 -11.922
15.355 -11.828
15.351 -11.782
15.348 -11.653
15.345 -11.626
15.342 -11.561
15.339 -11.509
15.335 -11.457
15.332 -11.387
15.329 -11.328
15.326 -11.302
15.323 -11.240
15.320 -11.218
15.318 -11.151
15.316 -11.117
15.314 -11.062
15.311 -11.044
15.308 -10.989
15.305 -10.937
15.302 -10.878
15.299 -10.828
15.297 -10.815
15.296 -10.776
15.294 -10.716
15.291 -10.413
15.288 -9.950
15.285 -9.992
15.282 -10.087
15.280 -9.786
15.277 -9.686
15.274 -9.555
15.271 -9.618
15.269 -9.603
15.266 -9.635
15.263 -9.545
15.261 -9.339
15.258 -9.702
15.255 -9.431
15.254 -9.930
15.252 -9.137
15.250 -8.808
15.248 -8.704
15.245 -8.668
15.243 -8.451
15.240 -8.401
15.238 -8.281
15.235 -8.369
15.233 -8.236
15.230 -8.359
15.228 -8.217
15.225 -8.295
15.223 -8.121
15.220 -8.234
15.218 -8.150
15.216 -8.228
15.213 -8.233
15.211 -8.260
15.208 -8.180
15.206 -8.117
15.204 -8.149
15.202 -8.126
15.199 -8.070
15.197 -8.107
15.195 -8.090
15.192 -8.124
15.190 -8.331
15.188 -8.038
15.186 -8.020
15.183 -7.970
15.181 -7.984
15.179 -7.990
15.177 -7.990
15.175 -8.019
15.173 -8.058
15.170 -8.061
15.168 -7.987
15.166 -7.947
15.164 -8.006
15.162 -8.020
15.160 -7.912
15.159 -7.867
15.158 -7.884
15.156 -7.904
15.154 -7.914
15.152 -7.899
15.149 -7.896
15.147 -7.984
15.145 -7.899
15.143 -7.880
15.141 -7.939
15.139 -7.921
15.137 -7.893
15.135 -7.842
15.133 -7.878
15.131 -7.953
15.129 -7.961
15.128 -7.842
15.126 -7.879
15.124 -7.970
15.122 -7.964
15.120 -7.881
15.118 -7.857
15.116 -7.893
15.114 -7.862
15.112 -7.893
15.110 -7.917
15.109 -8.102
15.107 -8.242
15.105 -7.974
15.103 -8.240
15.101 -8.082
15.099 -8.364
15.098 -8.198
15.096 -8.227
15.094 -8.079
15.092 -7.845
15.090 -7.862
15.089 -7.826
15.087 -7.811
15.085 -7.839
15.083 -7.856
15.081 -7.858
15.080 -7.866
15.078 -7.753
15.077 -7.855
15.076 -7.823
15.075 -7.909
15.073 -7.923
15.071 -7.898
15.069 -7.804
15.068 -7.889
15.066 -7.818
15.064 -7.866
15.063 -7.927
15.061 -7.993
15.059 -8.019
15.058 -7.900
15.056 -7.780
15.054 -7.616
15.053 -7.598
15.051 -7.685
15.049 -7.642
15.048 -7.634
15.046 -7.657
15.045 -7.626
15.043 -7.695
15.041 -7.685
15.040 -7.667
15.038 -7.910
15.037 -7.818
15.035 -7.727
15.034 -7.649
15.032 -7.763
15.030 -8.233
15.029 -8.110
15.027 -7.664
15.026 -7.560
15.024 -7.571
15.023 -7.574
15.021 -7.628
15.020 -7.547
15.018 -7.547
15.017 -7.535
15.015 -7.548
15.013 -7.478
15.010 -7.498
15.007 -7.499
15.004 -7.461
15.001 -7.452
14.998 -7.426
14.995 -7.421
14.993 -7.417
14.990 -7.411
14.987 -7.390
14.984 -7.394
14.981 -7.393
14.979 -7.372
14.976 -7.368
14.973 -7.391
14.970 -7.362
14.968 -7.379
14.965 -7.348
14.962 -7.328
14.960 -7.322
14.957 -7.308
14.954 -7.312
14.952 -7.311
14.949 -7.312
14.947 -7.296
14.944 -7.284
14.942 -7.274
14.939 -7.268
14.936 -7.269
14.934 -7.265
14.932 -7.249
14.929 -7.243
14.927 -7.225
14.924 -7.240
14.922 -7.233
14.919 -7.225
14.917 -7.216
14.916 -7.220
14.915 -7.200
14.912 -7.204
14.910 -7.184
14.907 -7.082
14.905 -6.989
14.903 -6.833
14.900 -6.794
14.898 -6.695
14.896 -6.626
14.894 -6.727
14.891 -6.587
14.889 -6.543
14.887 -6.756
14.885 -6.554
14.882 -6.720
14.880 -6.570
14.878 -6.835
14.876 -6.545
14.874 -6.514
14.872 -6.517
14.869 -6.518
14.867 -6.524
14.865 -6.578
14.863 -6.683
14.861 -6.525
14.859 -6.508
14.857 -6.514
14.855 -6.512
14.853 -6.513
14.850 -6.519
14.848 -6.513
14.846 -6.526
14.844 -6.518
14.842 -6.538
14.840 -6.606
14.838 -6.672
14.836 -6.522
14.834 -6.520
14.832 -6.525
14.830 -6.528
14.828 -6.519
14.827 -6.518
14.825 -6.519
14.823 -6.507
14.821 -6.521
14.819 -6.523
14.817 -6.509
14.815 -6.523
14.813 -6.511
14.811 -6.519
14.809 -6.514
14.808 -6.513
14.806 -6.525
14.804 -6.535
14.802 -6.517
14.800 -6.514
14.798 -6.520
14.796 -6.519
14.795 -6.522
14.793 -6.528
14.791 -6.602
14.789 -6.694
14.788 -6.539
14.786 -6.529
14.784 -6.534
14.782 -6.525
14.780 -6.522
14.779 -6.535
14.777 -6.547
14.775 -6.535
14.774 -6.538
14.772 -6.530
14.770 -6.533
14.768 -6.532
14.767 -6.538
14.765 -6.543
14.763 -6.548
14.762 -6.548
14.760 -6.545
14.758 -6.546
14.757 -6.540
14.755 -6.559
14.753 -6.543
14.752 -6.548
14.750 -6.555
14.748 -6.544
14.747 -6.544
14.745 -6.548
14.744 -6.552
14.742 -6.549
14.740 -6.544
14.739 -6.548
14.737 -6.548
14.736 -6.550
14.734 -6.550
14.733 -6.548
14.731 -6.551
14.729 -6.552
14.728 -6.551
14.726 -6.550
14.725 -6.553
14.723 -6.556
14.722 -6.553
14.720 -6.554
14.719 -6.550
14.717 -6.554
14.716 -6.554
14.714 -6.556
14.713 -6.556
14.711 -6.556
14.710 -6.557
14.708 -6.557
14.707 -6.564
14.705 -6.560
14.704 -6.561
14.702 -6.562
14.701 -6.562
14.699 -6.565
14.698 -6.568
14.697 -6.566
14.695 -6.567
14.694 -6.565
14.692 -6.568
14.691 -6.571
14.689 -6.574
14.688 -6.579
14.687 -6.577
14.685 -6.572
14.684 -6.572
14.682 -6.576
14.681 -6.585
14.680 -6.574
14.678 -6.575
14.677 -6.580
14.675 -6.579
14.674 -6.582
14.673 -6.582
14.671 -6.581
14.670 -6.585
14.669 -6.584
14.667 -6.589
14.666 -6.585
14.665 -6.591
14.663 -6.590
14.662 -6.593
14.661 -6.634
14.659 -6.731
14.658 -6.604
14.657 -6.594
14.655 -6.591
14.654 -6.592
14.653 -6.593
14.651 -6.592
14.650 -6.594
14.649 -6.594
14.648 -6.597
14.646 -6.595
14.645 -6.597
14.644 -6.597
14.642 -6.599
14.641 -6.600
14.640 -6.599
14.639 -6.600
14.637 -6.601
14.636 -6.603
14.635 -6.603
14.634 -6.604
14.632 -6.605
14.631 -6.609
14.630 -6.608
14.629 -6.608
14.627 -6.608
14.626 -6.609
14.625 -6.618
14.624 -6.614
14.623 -6.613
14.621 -6.614
14.620 -6.616
14.619 -6.616
14.618 -6.617
14.616 -6.619
14.615 -6.617
14.614 -6.621
14.613 -6.621
14.612 -6.621
14.611 -6.621
14.609 -6.621
14.608 -6.624
14.607 -6.627
14.606 -6.629
14.605 -6.628
14.604 -6.631
14.602 -6.629
14.601 -6.629
14.600 -6.629
14.599 -6.628
14.598 -6.630
14.597 -6.630
14.595 -6.631
14.594 -6.632
14.593 -6.634
14.592 -6.637
14.591 -6.636
14.590 -6.637
14.589 -6.637
14.588 -6.638
14.586 -6.646
14.585 -6.638
14.584 -6.640
14.583 -6.642
14.582 -6.645
14.581 -6.644
14.580 -6.646
14.579 -6.647
14.578 -6.648
14.576 -6.650
14.575 -6.646
14.574 -6.651
14.573 -6.649
14.572 -6.651
14.571 -6.650
14.570 -6.652
14.569 -6.653
14.568 -6.652
14.567 -6.652
14.566 -6.654
14.565 -6.654
14.564 -6.661
14.562 -6.661
14.561 -6.661
14.560 -6.661
14.559 -6.657
14.558 -6.658
14.557 -6.661
14.556 -6.666
14.555 -6.663
14.554 -6.667
14.553 -6.669
14.552 -6.671
14.551 -6.665
14.550 -6.671
14.549 -6.684
14.548 -6.653
14.547 -6.699
14.546 -6.644
14.545 -6.733
14.544 -6.630
14.543 -6.661
14.542 -6.673
14.541 -6.618
14.540 -6.629
14.539 -6.733
14.538 -6.625
14.537 -6.606
14.536 -6.616
14.535 -6.711
14.534 -6.627
14.533 -6.605
14.532 -6.605
14.531 -6.615
14.530 -6.643
14.529 -6.712
14.528 -6.619
14.527 -6.610
14.526 -6.610
14.525 -6.608
14.524 -6.611
14.523 -6.620
14.522 -6.705
14.521 -6.660
14.520 -6.618
14.519 -6.624
14.518 -6.628
14.517 -6.619
14.516 -6.616
14.515 -6.615
14.514 -6.619
14.514 -6.624
14.513 -6.642
14.512 -6.736
14.511 -6.654
14.510 -6.637
14.509 -6.624
14.508 -6.623
14.507 -6.624
14.506 -6.624
14.505 -6.625
14.504 -6.629
14.503 -6.641
14.502 -6.632
14.501 -6.632
14.500 -6.631
14.500 -6.632
14.499 -6.638
14.498 -6.659
14.497 -6.744
14.496 -6.656
14.495 -6.641
14.494 -6.642
14.493 -6.647
14.492 -6.641
14.491 -6.647
14.490 -6.647
14.490 -6.641
14.489 -6.643
14.488 -6.647
14.487 -6.644
14.486 -6.645
14.485 -6.647
14.484 -6.648
14.483 -6.652
14.483 -6.652
14.482 -6.654
14.481 -6.655
14.480 -6.654
14.479 -6.655
14.478 -6.655
14.477 -6.657
14.476 -6.681
14.474 -6.699
14.471 -6.667
14.469 -6.666
14.467 -6.666
14.465 -6.668
14.463 -6.672
14.461 -6.674
14.459 -6.676
14.457 -6.683
14.455 -6.684
14.453 -6.685
14.450 -6.686
14.448 -6.696
14.446 -6.694
14.444 -6.695
14.442 -6.698
14.440 -6.701
14.438 -6.751
14.436 -6.717
14.434 -6.704
14.432 -6.705
14.431 -6.709
14.429 -6.711
14.427 -6.712
14.425 -6.722
14.423 -6.723
14.421 -6.721
14.419 -6.726
14.417 -6.723
14.415 -6.725
14.413 -6.728
14.411 -6.736
14.410 -6.740
14.408 -6.734
14.406 -6.744
14.404 -6.743
14.402 -6.748
14.400 -6.742
14.399 -6.748
14.397 -6.749
14.395 -6.752
14.393 -6.754
14.391 -6.754
14.390 -6.758
14.388 -6.760
14.386 -6.762
14.384 -6.763
14.383 -6.765
14.381 -6.768
14.379 -6.770
14.377 -6.775
14.376 -6.775
14.374 -6.776
14.372 -6.778
14.370 -6.785
14.369 -6.836
14.367 -6.788
14.365 -6.787
14.364 -6.789
14.362 -6.790
14.360 -6.792
14.359 -6.795
14.357 -6.799
14.355 -6.799
14.354 -6.801
14.352 -6.803
14.351 -6.805
14.349 -6.807
14.347 -6.809
14.346 -6.813
14.344 -6.815
14.342 -6.816
14.341 -6.819
14.339 -6.825
14.338 -6.823
14.336 -6.825
14.335 -6.826
14.333 -6.830
14.331 -6.831
14.330 -6.833
14.328 -6.834
14.327 -6.837
14.325 -6.839
14.324 -6.841
14.322 -6.844
14.321 -6.845
14.319 -6.846
14.318 -6.857
14.316 -6.851
14.315 -6.858
14.313 -6.855
14.312 -6.859
14.310 -6.859
14.309 -6.862
14.307 -6.866
14.306 -6.866
14.304 -6.870
14.303 -6.868
14.301 -6.872
14.300 -6.876
14.299 -6.878
14.297 -6.879
14.296 -6.881
14.294 -6.879
14.293 -6.888
14.291 -6.890
14.290 -6.884
14.289 -6.901
14.287 -6.887
14.286 -6.886
14.284 -6.911
14.283 -6.883
14.282 -6.897
14.280 -6.916
14.279 -6.889
14.277 -6.889
14.276 -6.936
14.275 -6.896
14.273 -6.890
14.271 -6.898
14.269 -6.921
14.266 -6.897
14.263 -6.909
14.261 -6.933
14.258 -6.909
14.255 -6.913
14.253 -6.926
14.250 -6.950
14.248 -6.925
14.245 -6.931
14.243 -6.933
14.240 -6.941
14.238 -6.977
14.235 -6.953
14.233 -6.952
14.230 -6.957
14.228 -6.960
14.225 -6.964
14.223 -6.966
14.220 -6.973
14.218 -7.004
14.216 -6.985
14.213 -6.983
14.211 -6.986
14.208 -6.991
14.206 -6.996
14.204 -7.031
14.202 -7.005
14.199 -7.009
14.197 -7.009
14.195 -7.013
14.192 -7.017
14.190 -7.022
14.188 -7.055
14.186 -7.029
14.183 -7.031
14.181 -7.036
14.179 -7.039
14.177 -7.042
14.175 -7.046
14.173 -7.049
14.170 -7.053
14.168 -7.057
14.166 -7.060
14.164 -7.064
14.162 -7.068
14.160 -7.071
14.158 -7.075
14.156 -7.078
14.154 -7.082
14.152 -7.087
14.149 -7.090
14.147 -7.093
14.145 -7.095
14.143 -7.100
14.141 -7.132
14.139 -7.109
14.137 -7.109
14.135 -7.112
14.133 -7.117
14.131 -7.120
14.129 -7.122
14.128 -7.126
14.126 -7.129
14.124 -7.134
14.122 -7.136
14.120 -7.139
14.118 -7.142
14.116 -7.146
14.114 -7.148
14.112 -7.152
14.110 -7.155
14.109 -7.158
14.107 -7.161
14.105 -7.164
14.103 -7.167
14.101 -7.171
14.099 -7.174
14.098 -7.177
14.096 -7.181
14.094 -7.185
14.092 -7.186
14.090 -7.191
14.089 -7.195
14.087 -7.195
14.085 -7.200
14.083 -7.203
14.081 -7.202
14.080 -7.217
14.078 -7.207
14.076 -7.210
14.075 -7.229
14.073 -7.216
14.071 -7.218
14.069 -7.222
14.068 -7.245
14.066 -7.227
14.064 -7.230
14.063 -7.231
14.061 -7.238
14.059 -7.261
14.058 -7.270
14.056 -7.245
14.054 -7.245
14.053 -7.248
14.051 -7.253
14.049 -7.281
14.048 -7.258
14.046 -7.258
14.045 -7.261
14.043 -7.264
14.041 -7.267
14.040 -7.269
14.038 -7.273
14.037 -7.300
14.035 -7.286
14.034 -7.281
14.032 -7.283
14.030 -7.286
14.029 -7.289
14.027 -7.292
14.026 -7.294
14.024 -7.297
14.023 -7.300
14.021 -7.303
14.020 -7.310
14.018 -7.335
14.017 -7.312
14.015 -7.314
14.014 -7.316
14.012 -7.320
14.011 -7.322
14.009 -7.324
14.008 -7.327
14.006 -7.329
14.005 -7.332
14.003 -7.335
14.002 -7.337
14.000 -7.340
13.999 -7.343
13.998 -7.345
13.996 -7.348
13.995 -7.371
13.993 -7.363
13.992 -7.356
13.990 -7.358
13.989 -7.361
13.988 -7.364
13.986 -7.366
13.985 -7.369
13.983 -7.372
13.982 -7.374
13.981 -7.376
13.979 -7.379
13.978 -7.381
13.976 -7.383
13.975 -7.386
13.974 -7.388
13.972 -7.390
13.970 -7.394
13.968 -7.399
13.965 -7.404
13.962 -7.409
13.960 -7.429
13.957 -7.422
13.954 -7.425
13.952 -7.429
13.949 -7.435
13.947 -7.439
13.944 -7.444
13.942 -7.448
13.939 -7.452
13.936 -7.456
13.934 -7.461
13.932 -7.465
13.929 -7.470
13.927 -7.474
13.924 -7.479
13.922 -7.482
13.919 -7.489
13.917 -7.491
13.915 -7.498
13.912 -7.499
13.910 -7.509
13.907 -7.508
13.905 -7.518
13.903 -7.531
13.900 -7.521
13.898 -7.524
13.896 -7.534
13.894 -7.536
13.891 -7.536
13.889 -7.541
13.887 -7.545
13.885 -7.559
13.882 -7.552
13.880 -7.556
13.878 -7.560
13.876 -7.565
13.874 -7.573
13.872 -7.581
13.869 -7.589
13.867 -7.580
13.865 -7.584
13.863 -7.587
13.861 -7.591
13.859 -7.596
13.857 -7.613
13.855 -7.604
13.853 -7.607
13.850 -7.610
13.848 -7.614
13.846 -7.618
13.844 -7.622
13.842 -7.626
13.840 -7.629
13.838 -7.633
13.836 -7.649
13.834 -7.643
13.832 -7.644
13.830 -7.648
13.828 -7.652
13.827 -7.654
13.825 -7.659
13.823 -7.662
13.821 -7.666
13.819 -7.669
13.817 -7.673
13.815 -7.677
13.813 -7.680
13.811 -7.684
13.809 -7.701
13.808 -7.705
13.806 -7.695
13.804 -7.698
13.802 -7.701
13.800 -7.705
13.798 -7.708
13.796 -7.711
13.795 -7.715
13.793 -7.718
13.791 -7.721
13.789 -7.724
13.788 -7.728
13.786 -7.731
13.784 -7.735
13.782 -7.738
13.780 -7.742
13.779 -7.744
13.777 -7.747
13.775 -7.752
13.774 -7.754
13.772 -7.757
13.770 -7.762
13.768 -7.764
13.767 -7.780
13.765 -7.770
13.763 -7.776
13.762 -7.776
13.760 -7.778
13.758 -7.782
13.757 -7.786
13.755 -7.792
13.753 -7.791
13.752 -7.794
13.750 -7.797
13.748 -7.800
13.747 -7.807
13.745 -7.810
13.744 -7.809
13.742 -7.812
13.740 -7.815
13.739 -7.818
13.737 -7.821
13.736 -7.825
13.734 -7.835
13.733 -7.830
13.731 -7.833
13.729 -7.837
13.728 -7.839
13.726 -7.842
13.725 -7.845
13.723 -7.848
13.722 -7.851
13.720 -7.864
13.719 -7.857
13.717 -7.859
13.716 -7.862
13.714 -7.865
13.713 -7.868
13.711 -7.871
13.710 -7.874
13.708 -7.877
13.707 -7.881
13.705 -7.896
13.704 -7.886
13.702 -7.899
13.701 -7.893
13.699 -7.893
13.698 -7.896
13.697 -7.899
13.695 -7.901
13.694 -7.904
13.692 -7.906
13.691 -7.909
13.689 -7.912
13.688 -7.914
13.687 -7.917
13.685 -7.920
13.684 -7.922
13.682 -7.925
13.681 -7.928
13.680 -7.932
13.678 -7.946
13.677 -7.937
13.675 -7.939
13.674 -7.941
13.673 -7.943
13.671 -7.946
13.669 -7.950
13.667 -7.955
13.664 -7.961
13.661 -7.965
13.659 -7.971
13.656 -7.976
13.653 -7.981
13.651 -7.985
13.648 -7.991
13.646 -8.003
13.643 -8.001
13.640 -8.005
13.638 -8.010
13.635 -8.016
13.633 -8.020
13.630 -8.024
13.628 -8.029
13.626 -8.035
13.623 -8.038
13.621 -8.043
13.618 -8.048
13.616 -8.054
13.613 -8.057
13.611 -8.061
13.609 -8.066
13.606 -8.071
13.604 -8.083
13.602 -8.093
13.599 -8.085
13.597 -8.088
13.595 -8.093
13.593 -8.097
13.590 -8.101
13.588 -8.106
13.586 -8.114
13.584 -8.114
13.581 -8.118
13.579 -8.123
13.577 -8.127
13.575 -8.131
13.573 -8.135
13.570 -8.139
13.568 -8.144
13.566 -8.153
13.564 -8.153
13.562 -8.156
13.560 -8.160
13.558 -8.164
13.556 -8.168
13.554 -8.172
13.552 -8.176
13.549 -8.180
13.547 -8.184
13.545 -8.188
13.543 -8.192
13.541 -8.196
13.539 -8.206
13.537 -8.204
13.535 -8.211
13.533 -8.215
13.531 -8.215
13.529 -8.219
13.527 -8.223
13.525 -8.226
13.524 -8.230
13.522 -8.234
13.520 -8.238
13.518 -8.241
13.516 -8.245
13.514 -8.249
13.512 -8.252
13.510 -8.257
13.508 -8.260
13.506 -8.263
13.505 -8.274
13.503 -8.271
13.501 -8.274
13.499 -8.278
13.497 -8.282
13.495 -8.285
13.494 -8.288
13.492 -8.292
13.490 -8.295
13.488 -8.299
13.486 -8.302
13.485 -8.306
13.483 -8.311
13.481 -8.312
13.479 -8.316
13.478 -8.319
13.476 -8.323
13.176 -8.913
12.875 -9.516
12.699 -9.871
12.574 -10.124
