16.518 -40.503
16.506 -40.503
16.494 -40.503
16.487 -40.503
16.479 -40.503
16.468 -40.503
16.461 -40.503
16.453 -40.503
16.445 -40.503
16.434 -40.503
16.420 -40.503
16.406 -40.503
16.393 -40.503
16.381 -40.503
16.373 -40.503
16.368 -40.503
16.361 -40.503
16.355 -40.503
16.350 -40.503
16.341 -40.503
16.331 -40.503
16.321 -40.503
16.309 -40.503
16.298 -40.503
16.286 -40.503
16.276 -40.503
16.267 -40.503
16.257 -40.503
16.246 -40.503
16.238 -40.503
16.229 -40.503
16.221 -40.503
16.217 -40.503
16.207 -40.503
16.196 -40.503
16.189 -40.503
16.179 -40.503
16.172 -40.503
16.165 -40.503
16.154 -40.503
16.142 -40.503
16.135 -40.503
16.129 -40.503
16.121 -40.503
16.115 -40.503
16.108 -40.503
16.097 -40.503
16.085 -40.503
16.075 -40.503
16.067 -40.503
16.062 -40.503
16.055 -40.503
16.048 -40.503
16.040 -40.503
16.032 -40.503
16.024 -40.503
16.014 -40.464
16.006 -39.697
15.998 -39.081
15.988 -38.253
15.974 -37.135
15.961 -36.086
15.948 -35.101
15.935 -34.173
15.924 -33.383
15.913 -32.633
15.903 -31.920
15.891 -31.167
15.880 -30.454
15.869 -29.776
15.860 -29.195
15.852 -28.700
15.843 -28.223
15.832 -27.597
15.823 -27.055
15.814 -26.588
15.805 -26.091
15.796 -25.615
15.787 -25.159
15.778 -24.721
15.773 -24.558
15.768 -24.227
15.761 -23.905
15.753 -23.511
15.744 -23.145
15.736 -22.780
15.729 -22.434
15.721 -22.102
15.713 -21.788
15.706 -22.658
15.699 -22.388
15.691 -22.127
15.684 -21.876
15.677 -21.633
15.671 -21.398
15.664 -21.171
15.659 -20.996
15.654 -20.846
15.648 -20.637
15.641 -20.435
15.635 -20.240
15.629 -20.052
15.622 -19.849
15.616 -19.672
15.611 -19.517
15.605 -19.350
15.599 -19.187
15.593 -19.029
15.588 -18.876
15.582 -18.727
15.576 -18.586
15.571 -18.444
15.566 -18.306
15.560 -18.173
15.555 -18.043
15.550 -17.917
15.545 -17.795
15.540 -17.675
15.535 -17.560
15.530 -17.446
15.525 -17.335
15.520 -17.229
15.515 -14.901
15.511 -14.226
15.506 -14.078
15.501 -13.942
15.497 -13.808
15.492 -13.698
15.488 -13.643
15.483 -13.517
15.479 -13.438
15.475 -13.331
15.470 -13.245
15.466 -13.212
15.462 -13.082
15.458 -12.994
15.454 -12.913
15.449 -12.838
15.445 -12.753
15.441 -12.673
15.437 -12.604
15.433 -12.219
15.430 -11.773
15.426 -11.639
15.422 -11.509
15.418 -11.427
15.414 -11.387
15.410 -11.280
15.407 -11.218
15.403 -11.193
15.399 -11.379
15.396 -11.398
15.392 -12.011
15.389 -11.345
15.385 -11.025
15.382 -10.797
15.378 -10.533
15.375 -10.516
15.371 -10.369
15.368 -10.218
15.365 -10.131
15.361 -10.165
15.358 -10.019
15.355 -9.951
15.351 -9.898
15.348 -9.805
15.345 -9.798
15.342 -9.746
15.339 -9.715
15.335 -9.719
15.332 -9.668
15.329 -9.605
15.326 -9.541
15.323 -9.498
15.320 -9.502
15.318 -9.422
15.316 -9.416
15.314 -9.365
15.311 -9.356
15.308 -9.312
15.305 -9.276
15.302 -9.232
15.299 -9.192
15.297 -9.197
15.296 -9.165
15.294 -9.109
15.291 -8.842
15.288 -8.570
15.285 -8.677
15.282 -8.736
15.280 -8.479
15.277 -8.322
15.274 -8.286
15.271 -8.222
15.269 -8.134
15.266 -8.137
15.263 -7.971
15.261 -7.674
15.258 -7.906
15.255 -7.623
15.254 -7.841
15.252 -7.546
15.250 -7.447
15.248 -7.632
15.245 -7.548
15.243 -7.433
15.240 -7.421
15.238 -7.333
15.235 -7.354
15.233 -7.277
15.230 -7.419
15.228 -7.292
15.225 -7.277
15.223 -7.208
15.220 -7.270
15.218 -7.255
15.216 -7.284
15.213 -7.285
15.211 -7.343
15.208 -7.278
15.206 -7.223
15.204 -7.226
15.202 -7.216
15.199 -7.194
15.197 -7.221
15.195 -7.177
15.192 -7.182
15.190 -7.279
15.188 -7.154
15.186 -7.147
15.183 -7.116
15.181 -7.124
15.179 -7.138
15.177 -7.137
15.175 -7.165
15.173 -7.154
15.170 -7.179
15.168 -7.129
15.166 -7.102
15.164 -7.115
15.162 -7.119
15.160 -7.079
15.159 -7.059
15.158 -7.071
15.156 -7.084
15.154 -7.105
15.152 -7.094
15.149 -7.082
15.147 -7.141
15.145 -7.084
15.143 -7.084
15.141 -7.112
15.139 -7.109
15.137 -7.082
15.135 -7.055
15.133 -7.075
15.131 -7.112
15.129 -7.104
15.128 -7.049
15.126 -7.081
15.124 -7.102
15.122 -7.105
15.120 -7.077
15.118 -7.051
15.116 -7.081
15.114 -7.068
15.112 -7.074
15.110 -7.081
15.109 -7.121
15.107 -7.180
15.105 -7.073
15.103 -7.157
15.101 -7.108
15.099 -7.199
15.098 -7.134
15.096 -7.148
15.094 -7.137
15.092 -7.065
15.090 -7.085
15.089 -7.053
15.087 -7.051
15.085 -7.049
15.083 -7.070
15.081 -7.068
15.080 -7.082
15.078 -7.014
15.077 -7.069
15.076 -7.072
15.075 -7.096
15.073 -7.107
15.071 -7.129
15.069 -7.096
15.068 -7.088
15.066 -7.030
15.064 -7.024
15.063 -7.035
15.061 -7.054
15.059 -7.064
15.058 -7.009
15.056 -7.001
15.054 -6.938
15.053 -6.929
15.051 -6.979
15.049 -6.950
15.048 -6.943
15.046 -6.968
15.045 -6.950
15.043 -6.980
15.041 -6.970
15.040 -6.941
15.038 -7.029
15.037 -7.003
15.035 -6.975
15.034 -6.941
15.032 -6.973
15.030 -7.219
15.029 -7.125
15.027 -6.918
15.026 -6.896
15.024 -6.908
15.023 -6.923
15.021 -6.955
15.020 -6.899
15.018 -6.905
15.017 -6.902
15.015 -6.913
15.013 -6.867
15.010 -6.881
15.007 -6.877
15.004 -6.861
15.001 -6.856
14.998 -6.846
14.995 -6.844
14.993 -6.842
14.990 -6.835
14.987 -6.830
14.984 -6.832
14.981 -6.829
14.979 -6.819
14.976 -6.816
14.973 -6.831
14.970 -6.817
14.968 -6.825
14.965 -6.811
14.962 -6.800
14.960 -6.795
14.957 -6.788
14.954 -6.791
14.952 -6.791
14.949 -6.791
14.947 -6.786
14.944 -6.781
14.942 -6.777
14.939 -6.775
14.936 -6.774
14.934 -6.770
14.932 -6.763
14.929 -6.762
14.927 -6.753
14.924 -6.761
14.922 -6.759
14.919 -6.756
14.917 -6.751
14.916 -6.753
14.915 -6.739
14.912 -6.737
14.910 -6.743
14.907 -6.747
14.905 -6.767
14.903 -6.709
14.900 -6.687
14.898 -6.608
14.896 -6.538
14.894 -6.629
14.891 -6.481
14.889 -6.420
14.887 -6.661
14.885 -6.408
14.882 -6.417
14.880 -6.400
14.878 -6.665
14.876 -6.404
14.874 -6.321
14.872 -6.307
14.869 -6.311
14.867 -6.341
14.865 -6.472
14.863 -6.582
14.861 -6.357
14.859 -6.310
14.857 -6.298
14.855 -6.296
14.853 -6.293
14.850 -6.300
14.848 -6.297
14.846 -6.311
14.844 -6.313
14.842 -6.357
14.840 -6.495
14.838 -6.559
14.836 -6.355
14.834 -6.318
14.832 -6.310
14.830 -6.312
14.828 -6.300
14.827 -6.298
14.825 -6.303
14.823 -6.293
14.821 -6.299
14.819 -6.301
14.817 -6.295
14.815 -6.301
14.813 -6.296
14.811 -6.302
14.809 -6.299
14.808 -6.298
14.806 -6.311
14.804 -6.325
14.802 -6.304
14.800 -6.305
14.798 -6.310
14.796 -6.315
14.795 -6.328
14.793 -6.362
14.791 -6.486
14.789 -6.573
14.788 -6.384
14.786 -6.339
14.784 -6.330
14.782 -6.320
14.780 -6.315
14.779 -6.321
14.777 -6.327
14.775 -6.320
14.774 -6.324
14.772 -6.318
14.770 -6.320
14.768 -6.319
14.767 -6.322
14.765 -6.327
14.763 -6.333
14.762 -6.333
14.760 -6.329
14.758 -6.331
14.757 -6.326
14.755 -6.341
14.753 -6.330
14.752 -6.332
14.750 -6.342
14.748 -6.333
14.747 -6.335
14.745 -6.336
14.744 -6.341
14.742 -6.338
14.740 -6.337
14.739 -6.338
14.737 -6.339
14.736 -6.339
14.734 -6.342
14.733 -6.341
14.731 -6.344
14.729 -6.345
14.728 -6.345
14.726 -6.344
14.725 -6.346
14.723 -6.348
14.722 -6.348
14.720 -6.349
14.719 -6.348
14.717 -6.351
14.716 -6.351
14.714 -6.352
14.713 -6.353
14.711 -6.353
14.710 -6.355
14.708 -6.356
14.707 -6.362
14.705 -6.358
14.704 -6.359
14.702 -6.361
14.701 -6.361
14.699 -6.363
14.698 -6.366
14.697 -6.366
14.695 -6.366
14.694 -6.366
14.692 -6.368
14.691 -6.370
14.689 -6.373
14.688 -6.377
14.687 -6.377
14.685 -6.373
14.684 -6.375
14.682 -6.377
14.681 -6.382
14.680 -6.378
14.678 -6.379
14.677 -6.382
14.675 -6.382
14.674 -6.387
14.673 -6.387
14.671 -6.386
14.670 -6.389
14.669 -6.390
14.667 -6.395
14.666 -6.396
14.665 -6.402
14.663 -6.409
14.662 -6.432
14.661 -6.506
14.659 -6.596
14.658 -6.457
14.657 -6.421
14.655 -6.409
14.654 -6.405
14.653 -6.405
14.651 -6.404
14.650 -6.404
14.649 -6.405
14.648 -6.407
14.646 -6.406
14.645 -6.407
14.644 -6.408
14.642 -6.409
14.641 -6.410
14.640 -6.411
14.639 -6.412
14.637 -6.413
14.636 -6.414
14.635 -6.415
14.634 -6.416
14.632 -6.417
14.631 -6.421
14.630 -6.420
14.629 -6.421
14.627 -6.422
14.626 -6.423
14.625 -6.430
14.624 -6.427
14.623 -6.427
14.621 -6.428
14.620 -6.430
14.619 -6.430
14.618 -6.431
14.616 -6.433
14.615 -6.433
14.614 -6.436
14.613 -6.436
14.612 -6.437
14.611 -6.437
14.609 -6.438
14.608 -6.440
14.607 -6.443
14.606 -6.445
14.605 -6.444
14.604 -6.447
14.602 -6.447
14.601 -6.447
14.600 -6.448
14.599 -6.448
14.598 -6.449
14.597 -6.450
14.595 -6.451
14.594 -6.453
14.593 -6.454
14.592 -6.456
14.591 -6.457
14.590 -6.458
14.589 -6.458
14.588 -6.460
14.586 -6.468
14.585 -6.461
14.584 -6.462
14.583 -6.465
14.582 -6.466
14.581 -6.468
14.580 -6.470
14.579 -6.470
14.578 -6.471
14.576 -6.473
14.575 -6.471
14.574 -6.476
14.573 -6.474
14.572 -6.475
14.571 -6.476
14.570 -6.477
14.569 -6.478
14.568 -6.479
14.567 -6.479
14.566 -6.481
14.565 -6.482
14.564 -6.487
14.562 -6.487
14.561 -6.488
14.560 -6.489
14.559 -6.486
14.558 -6.487
14.557 -6.488
14.556 -6.492
14.555 -6.490
14.554 -6.490
14.553 -6.492
14.552 -6.492
14.551 -6.494
14.550 -6.500
14.549 -6.497
14.548 -6.498
14.547 -6.508
14.546 -6.500
14.545 -6.529
14.544 -6.498
14.543 -6.513
14.542 -6.516
14.541 -6.498
14.540 -6.510
14.539 -6.559
14.538 -6.509
14.537 -6.495
14.536 -6.510
14.535 -6.578
14.534 -6.525
14.533 -6.495
14.532 -6.491
14.531 -6.504
14.530 -6.549
14.529 -6.603
14.528 -6.519
14.527 -6.495
14.526 -6.489
14.525 -6.486
14.524 -6.496
14.523 -6.522
14.522 -6.611
14.521 -6.576
14.520 -6.515
14.519 -6.503
14.518 -6.501
14.517 -6.489
14.516 -6.486
14.515 -6.489
14.514 -6.497
14.514 -6.514
14.513 -6.553
14.512 -6.649
14.511 -6.567
14.510 -6.528
14.509 -6.503
14.508 -6.496
14.507 -6.494
14.506 -6.492
14.505 -6.492
14.504 -6.495
14.503 -6.508
14.502 -6.500
14.501 -6.502
14.500 -6.505
14.500 -6.515
14.499 -6.534
14.498 -6.579
14.497 -6.666
14.496 -6.571
14.495 -6.534
14.494 -6.522
14.493 -6.519
14.492 -6.511
14.491 -6.514
14.490 -6.512
14.490 -6.508
14.489 -6.509
14.488 -6.512
14.487 -6.511
14.486 -6.512
14.485 -6.513
14.484 -6.515
14.483 -6.517
14.483 -6.519
14.482 -6.523
14.481 -6.523
14.480 -6.524
14.479 -6.527
14.478 -6.531
14.477 -6.540
14.476 -6.592
14.474 -6.610
14.471 -6.546
14.469 -6.537
14.467 -6.535
14.465 -6.537
14.463 -6.539
14.461 -6.542
14.459 -6.544
14.457 -6.551
14.455 -6.551
14.453 -6.553
14.450 -6.556
14.448 -6.567
14.446 -6.565
14.444 -6.568
14.442 -6.574
14.440 -6.590
14.438 -6.671
14.436 -6.627
14.434 -6.588
14.432 -6.582
14.431 -6.582
14.429 -6.584
14.427 -6.585
14.425 -6.594
14.423 -6.596
14.421 -6.594
14.419 -6.598
14.417 -6.597
14.415 -6.599
14.413 -6.602
14.411 -6.608
14.410 -6.614
14.408 -6.609
14.406 -6.620
14.404 -6.618
14.402 -6.622
14.400 -6.618
14.399 -6.625
14.397 -6.625
14.395 -6.629
14.393 -6.631
14.391 -6.631
14.390 -6.634
14.388 -6.638
14.386 -6.640
14.384 -6.641
14.383 -6.643
14.381 -6.647
14.379 -6.650
14.377 -6.655
14.376 -6.657
14.374 -6.660
14.372 -6.669
14.370 -6.696
14.369 -6.768
14.367 -6.695
14.365 -6.677
14.364 -6.673
14.362 -6.674
14.360 -6.675
14.359 -6.677
14.357 -6.680
14.355 -6.680
14.354 -6.683
14.352 -6.685
14.351 -6.687
14.349 -6.690
14.347 -6.692
14.346 -6.695
14.344 -6.698
14.342 -6.699
14.341 -6.702
14.339 -6.707
14.338 -6.707
14.336 -6.709
14.335 -6.710
14.333 -6.714
14.331 -6.715
14.330 -6.717
14.328 -6.719
14.327 -6.722
14.325 -6.724
14.324 -6.727
14.322 -6.729
14.321 -6.731
14.319 -6.733
14.318 -6.742
14.316 -6.738
14.315 -6.743
14.313 -6.742
14.312 -6.745
14.310 -6.746
14.309 -6.749
14.307 -6.753
14.306 -6.754
14.304 -6.758
14.303 -6.756
14.301 -6.759
14.300 -6.763
14.299 -6.765
14.297 -6.765
14.296 -6.767
14.294 -6.769
14.293 -6.771
14.291 -6.774
14.290 -6.776
14.289 -6.780
14.287 -6.781
14.286 -6.783
14.284 -6.787
14.283 -6.785
14.282 -6.792
14.280 -6.796
14.279 -6.794
14.277 -6.795
14.276 -6.812
14.275 -6.803
14.273 -6.799
14.271 -6.808
14.269 -6.822
14.266 -6.807
14.263 -6.826
14.261 -6.844
14.258 -6.818
14.255 -6.821
14.253 -6.848
14.250 -6.870
14.248 -6.834
14.245 -6.835
14.243 -6.839
14.240 -6.853
14.238 -6.908
14.235 -6.871
14.233 -6.858
14.230 -6.860
14.228 -6.862
14.225 -6.867
14.223 -6.872
14.220 -6.885
14.218 -6.938
14.216 -6.910
14.213 -6.892
14.211 -6.893
14.208 -6.899
14.206 -6.912
14.204 -6.970
14.202 -6.923
14.199 -6.916
14.197 -6.915
14.195 -6.919
14.192 -6.926
14.190 -6.941
14.188 -6.996
14.186 -6.949
14.183 -6.941
14.181 -6.943
14.179 -6.945
14.177 -6.948
14.175 -6.952
14.173 -6.955
14.170 -6.960
14.168 -6.964
14.166 -6.967
14.164 -6.970
14.162 -6.975
14.160 -6.978
14.158 -6.982
14.156 -6.986
14.154 -6.989
14.152 -6.994
14.149 -6.998
14.147 -7.002
14.145 -7.007
14.143 -7.021
14.141 -7.073
14.139 -7.034
14.137 -7.023
14.135 -7.023
14.133 -7.026
14.131 -7.029
14.129 -7.031
14.128 -7.035
14.126 -7.038
14.124 -7.043
14.122 -7.045
14.120 -7.049
14.118 -7.052
14.116 -7.056
14.114 -7.058
14.112 -7.062
14.110 -7.065
14.109 -7.068
14.107 -7.071
14.105 -7.075
14.103 -7.078
14.101 -7.081
14.099 -7.085
14.098 -7.088
14.096 -7.091
14.094 -7.094
14.092 -7.097
14.090 -7.101
14.089 -7.104
14.087 -7.107
14.085 -7.110
14.083 -7.113
14.081 -7.117
14.080 -7.121
14.078 -7.122
14.076 -7.126
14.075 -7.130
14.073 -7.132
14.071 -7.135
14.069 -7.139
14.068 -7.146
14.066 -7.145
14.064 -7.148
14.063 -7.151
14.061 -7.160
14.059 -7.176
14.058 -7.215
14.056 -7.179
14.054 -7.168
14.053 -7.169
14.051 -7.176
14.049 -7.190
14.048 -7.181
14.046 -7.178
14.045 -7.180
14.043 -7.182
14.041 -7.185
14.040 -7.189
14.038 -7.197
14.037 -7.220
14.035 -7.213
14.034 -7.203
14.032 -7.203
14.030 -7.204
14.029 -7.207
14.027 -7.210
14.026 -7.212
14.024 -7.216
14.023 -7.220
14.021 -7.226
14.020 -7.241
14.018 -7.263
14.017 -7.239
14.015 -7.235
14.014 -7.235
14.012 -7.238
14.011 -7.239
14.009 -7.242
14.008 -7.245
14.006 -7.247
14.005 -7.250
14.003 -7.253
14.002 -7.255
14.000 -7.259
13.999 -7.262
13.998 -7.267
13.996 -7.275
13.995 -7.305
13.993 -7.299
13.992 -7.282
13.990 -7.279
13.989 -7.281
13.988 -7.283
13.986 -7.285
13.985 -7.287
13.983 -7.290
13.982 -7.292
13.981 -7.295
13.979 -7.298
13.978 -7.300
13.976 -7.302
13.975 -7.305
13.974 -7.307
13.972 -7.310
13.970 -7.314
13.968 -7.318
13.965 -7.324
13.962 -7.332
13.960 -7.365
13.957 -7.352
13.954 -7.346
13.952 -7.349
13.949 -7.354
13.947 -7.359
13.944 -7.363
13.942 -7.368
13.939 -7.372
13.936 -7.377
13.934 -7.381
13.932 -7.386
13.929 -7.390
13.927 -7.395
13.924 -7.400
13.922 -7.404
13.919 -7.409
13.917 -7.413
13.915 -7.418
13.912 -7.422
13.910 -7.428
13.907 -7.433
13.905 -7.454
13.903 -7.462
13.900 -7.446
13.898 -7.448
13.896 -7.453
13.894 -7.457
13.891 -7.460
13.889 -7.465
13.887 -7.470
13.885 -7.476
13.882 -7.477
13.880 -7.481
13.878 -7.485
13.876 -7.490
13.874 -7.497
13.872 -7.504
13.869 -7.529
13.867 -7.510
13.865 -7.510
13.863 -7.513
13.861 -7.517
13.859 -7.523
13.857 -7.535
13.855 -7.531
13.853 -7.533
13.850 -7.535
13.848 -7.539
13.846 -7.542
13.844 -7.546
13.842 -7.550
13.840 -7.555
13.838 -7.561
13.836 -7.577
13.834 -7.574
13.832 -7.571
13.830 -7.573
13.828 -7.576
13.827 -7.580
13.825 -7.584
13.823 -7.588
13.821 -7.591
13.819 -7.595
13.817 -7.599
13.815 -7.603
13.813 -7.607
13.811 -7.614
13.809 -7.644
13.808 -7.641
13.806 -7.628
13.804 -7.625
13.802 -7.627
13.800 -7.631
13.798 -7.634
13.796 -7.637
13.795 -7.640
13.793 -7.644
13.791 -7.647
13.789 -7.651
13.788 -7.654
13.786 -7.657
13.784 -7.661
13.782 -7.664
13.780 -7.667
13.779 -7.671
13.777 -7.674
13.775 -7.677
13.774 -7.681
13.772 -7.684
13.770 -7.689
13.768 -7.698
13.767 -7.719
13.765 -7.703
13.763 -7.702
13.762 -7.704
13.760 -7.706
13.758 -7.710
13.757 -7.713
13.755 -7.716
13.753 -7.719
13.752 -7.721
13.750 -7.724
13.748 -7.728
13.747 -7.732
13.745 -7.735
13.744 -7.737
13.742 -7.740
13.740 -7.743
13.739 -7.746
13.737 -7.749
13.736 -7.753
13.734 -7.757
13.733 -7.759
13.731 -7.761
13.729 -7.764
13.728 -7.767
13.726 -7.770
13.725 -7.773
13.723 -7.776
13.722 -7.780
13.720 -7.785
13.719 -7.786
13.717 -7.788
13.716 -7.790
13.714 -7.793
13.713 -7.796
13.711 -7.799
13.710 -7.803
13.708 -7.807
13.707 -7.816
13.705 -7.838
13.704 -7.820
13.702 -7.822
13.701 -7.823
13.699 -7.823
13.698 -7.825
13.697 -7.827
13.695 -7.830
13.694 -7.833
13.692 -7.836
13.691 -7.838
13.689 -7.840
13.688 -7.843
13.687 -7.846
13.685 -7.849
13.684 -7.852
13.682 -7.855
13.681 -7.858
13.680 -7.863
13.678 -7.872
13.677 -7.869
13.675 -7.869
13.674 -7.871
13.673 -7.873
13.671 -7.875
13.669 -7.879
13.667 -7.884
13.664 -7.889
13.661 -7.894
13.659 -7.899
13.656 -7.905
13.653 -7.910
13.651 -7.915
13.648 -7.923
13.646 -7.935
13.643 -7.931
13.640 -7.935
13.638 -7.939
13.635 -7.944
13.633 -7.949
13.630 -7.954
13.628 -7.959
13.626 -7.963
13.623 -7.968
13.621 -7.973
13.618 -7.978
13.616 -7.982
13.613 -7.987
13.611 -7.991
13.609 -7.997
13.606 -8.004
13.604 -8.025
13.602 -8.033
13.599 -8.020
13.597 -8.020
13.595 -8.024
13.593 -8.027
13.590 -8.032
13.588 -8.037
13.586 -8.042
13.584 -8.045
13.581 -8.049
13.579 -8.053
13.577 -8.057
13.575 -8.062
13.573 -8.066
13.570 -8.070
13.568 -8.075
13.566 -8.080
13.564 -8.084
13.562 -8.087
13.560 -8.091
13.558 -8.095
13.556 -8.099
13.554 -8.103
13.552 -8.107
13.549 -8.111
13.547 -8.115
13.545 -8.119
13.543 -8.123
13.541 -8.128
13.539 -8.135
13.537 -8.137
13.535 -8.149
13.533 -8.153
13.531 -8.148
13.529 -8.150
13.527 -8.154
13.525 -8.158
13.524 -8.161
13.522 -8.165
13.520 -8.169
13.518 -8.173
13.516 -8.176
13.514 -8.180
13.512 -8.184
13.510 -8.187
13.508 -8.191
13.506 -8.196
13.505 -8.205
13.503 -8.205
13.501 -8.207
13.499 -8.209
13.497 -8.213
13.495 -8.216
13.494 -8.220
13.492 -8.223
13.490 -8.227
13.488 -8.230
13.486 -8.234
13.485 -8.237
13.483 -8.241
13.481 -8.244
13.479 -8.247
13.478 -8.251
13.476 -8.254
13.176 -8.847
12.875 -9.451
12.699 -9.807
12.574 -10.061
