16.518 -40.503
16.506 -40.503
16.494 -40.503
16.487 -40.503
16.479 -40.503
16.468 -40.503
16.461 -40.503
16.453 -40.503
16.445 -40.503
16.434 -40.503
16.420 -40.503
16.406 -40.503
16.393 -40.503
16.381 -40.503
16.373 -40.503
16.368 -40.503
16.361 -40.503
16.355 -40.503
16.350 -40.503
16.341 -40.503
16.331 -40.503
16.321 -40.503
16.309 -40.503
16.298 -40.503
16.286 -40.503
16.276 -40.503
16.267 -40.503
16.257 -40.503
16.246 -40.503
16.238 -40.503
16.229 -40.503
16.221 -40.503
16.217 -40.503
16.207 -40.503
16.196 -40.503
16.189 -40.503
16.179 -40.503
16.172 -40.503
16.165 -40.503
16.154 -40.503
16.142 -40.503
16.135 -40.503
16.129 -40.503
16.121 -40.503
16.115 -40.503
16.108 -40.503
16.097 -40.503
16.085 -40.503
16.075 -40.503
16.067 -40.503
16.062 -40.503
16.055 -40.503
16.048 -40.503
16.040 -40.503
16.032 -40.503
16.024 -40.364
16.014 -39.584
16.006 -38.835
15.998 -38.235
15.988 -37.427
15.974 -36.335
15.961 -35.311
15.948 -34.349
15.935 -33.443
15.924 -32.671
15.913 -31.939
15.903 -31.242
15.891 -30.507
15.880 -29.811
15.869 -29.149
15.860 -28.581
15.852 -28.098
15.843 -27.633
15.832 -27.021
15.823 -26.492
15.814 -26.036
15.805 -25.550
15.796 -25.085
15.787 -24.640
15.778 -24.213
15.773 -23.987
15.768 -23.730
15.761 -23.417
15.753 -23.032
15.744 -22.668
15.736 -22.318
15.729 -21.981
15.721 -21.656
15.713 -21.350
15.706 -21.040
15.699 -20.749
15.691 -20.467
15.684 -20.194
15.677 -19.931
15.671 -19.676
15.664 -19.429
15.659 -19.237
15.654 -19.073
15.648 -18.845
15.641 -18.624
15.635 -18.410
15.629 -18.223
15.622 -19.320
15.616 -19.148
15.611 -18.997
15.605 -18.835
15.599 -18.677
15.593 -18.523
15.588 -18.374
15.582 -18.229
15.576 -18.092
15.571 -17.954
15.566 -17.820
15.560 -17.690
15.555 -17.565
15.550 -17.442
15.545 -17.323
15.540 -17.207
15.535 -17.095
15.530 -16.984
15.525 -16.877
15.520 -16.774
15.515 -14.501
15.511 -13.780
15.506 -13.617
15.501 -13.470
15.497 -13.335
15.492 -13.225
15.488 -13.188
15.483 -13.053
15.479 -12.980
15.475 -12.877
15.470 -12.795
15.466 -12.783
15.462 -12.642
15.458 -12.557
15.454 -12.479
15.449 -12.409
15.445 -12.326
15.441 -12.251
15.437 -12.186
15.433 -11.835
15.430 -11.412
15.426 -11.285
15.422 -11.161
15.418 -11.083
15.414 -11.047
15.410 -10.945
15.407 -10.887
15.403 -10.864
15.399 -11.050
15.396 -11.070
15.392 -11.693
15.389 -11.023
15.385 -10.707
15.382 -10.497
15.378 -10.235
15.375 -10.209
15.371 -10.046
15.368 -9.806
15.365 -9.660
15.361 -9.730
15.358 -9.474
15.355 -9.367
15.351 -9.293
15.348 -9.151
15.345 -9.170
15.342 -9.122
15.339 -9.112
15.335 -9.212
15.332 -9.168
15.329 -9.029
15.326 -8.889
15.323 -8.831
15.320 -8.880
15.318 -8.755
15.316 -8.760
15.314 -8.707
15.311 -8.713
15.308 -8.668
15.305 -8.638
15.302 -8.587
15.299 -8.555
15.297 -8.590
15.296 -8.550
15.294 -8.503
15.291 -8.264
15.288 -8.025
15.285 -8.194
15.282 -8.261
15.280 -7.985
15.277 -7.828
15.274 -7.783
15.271 -7.732
15.269 -7.686
15.266 -7.733
15.263 -7.626
15.261 -7.384
15.258 -7.596
15.255 -7.362
15.254 -7.574
15.252 -7.321
15.250 -7.240
15.248 -7.401
15.245 -7.343
15.243 -7.260
15.240 -7.255
15.238 -7.184
15.235 -7.203
15.233 -7.137
15.230 -7.261
15.228 -7.149
15.225 -7.141
15.223 -7.082
15.220 -7.134
15.218 -7.123
15.216 -7.148
15.213 -7.152
15.211 -7.203
15.208 -7.150
15.206 -7.108
15.204 -7.107
15.202 -7.101
15.199 -7.083
15.197 -7.109
15.195 -7.069
15.192 -7.070
15.190 -7.146
15.188 -7.050
15.186 -7.046
15.183 -7.019
15.181 -7.028
15.179 -7.040
15.177 -7.042
15.175 -7.064
15.173 -7.058
15.170 -7.079
15.168 -7.037
15.166 -7.013
15.164 -7.027
15.162 -7.030
15.160 -6.996
15.159 -6.980
15.158 -6.990
15.156 -7.001
15.154 -7.020
15.152 -7.012
15.149 -7.000
15.147 -7.057
15.145 -7.005
15.143 -7.005
15.141 -7.030
15.139 -7.029
15.137 -7.008
15.135 -6.983
15.133 -7.000
15.131 -7.034
15.129 -7.028
15.128 -6.977
15.126 -7.010
15.124 -7.026
15.122 -7.028
15.120 -7.002
15.118 -6.980
15.116 -7.006
15.114 -6.998
15.112 -7.004
15.110 -7.010
15.109 -7.043
15.107 -7.092
15.105 -7.001
15.103 -7.072
15.101 -7.030
15.099 -7.107
15.098 -7.050
15.096 -7.065
15.094 -7.055
15.092 -6.995
15.090 -7.013
15.089 -6.984
15.087 -6.986
15.085 -6.983
15.083 -7.000
15.081 -6.995
15.080 -7.007
15.078 -6.948
15.077 -6.996
15.076 -6.997
15.075 -7.019
15.073 -7.027
15.071 -7.042
15.069 -7.013
15.068 -7.007
15.066 -6.959
15.064 -6.953
15.063 -6.963
15.061 -6.979
15.059 -6.987
15.058 -6.941
15.056 -6.936
15.054 -6.879
15.053 -6.874
15.051 -6.917
15.049 -6.892
15.048 -6.886
15.046 -6.907
15.045 -6.892
15.043 -6.917
15.041 -6.909
15.040 -6.881
15.038 -6.957
15.037 -6.936
15.035 -6.913
15.034 -6.882
15.032 -6.906
15.030 -7.117
15.029 -7.033
15.027 -6.860
15.026 -6.843
15.024 -6.854
15.023 -6.867
15.021 -6.891
15.020 -6.846
15.018 -6.852
15.017 -6.848
15.015 -6.859
15.013 -6.816
15.010 -6.829
15.007 -6.825
15.004 -6.810
15.001 -6.806
14.998 -6.797
14.995 -6.795
14.993 -6.793
14.990 -6.788
14.987 -6.782
14.984 -6.784
14.981 -6.781
14.979 -6.771
14.976 -6.768
14.973 -6.782
14.970 -6.769
14.968 -6.775
14.965 -6.763
14.962 -6.754
14.960 -6.749
14.957 -6.742
14.954 -6.745
14.952 -6.745
14.949 -6.744
14.947 -6.740
14.944 -6.734
14.942 -6.731
14.939 -6.729
14.936 -6.728
14.934 -6.725
14.932 -6.717
14.929 -6.716
14.927 -6.709
14.924 -6.715
14.922 -6.713
14.919 -6.710
14.917 -6.706
14.916 -6.707
14.915 -6.696
14.912 -6.693
14.910 -6.698
14.907 -6.704
14.905 -6.723
14.903 -6.666
14.900 -6.645
14.898 -6.565
14.896 -6.493
14.894 -6.584
14.891 -6.435
14.889 -6.371
14.887 -6.619
14.885 -6.357
14.882 -6.349
14.880 -6.349
14.878 -6.621
14.876 -6.356
14.874 -6.264
14.872 -6.247
14.869 -6.251
14.867 -6.287
14.865 -6.430
14.863 -6.542
14.861 -6.308
14.859 -6.254
14.857 -6.240
14.855 -6.238
14.853 -6.235
14.850 -6.242
14.848 -6.240
14.846 -6.255
14.844 -6.260
14.842 -6.308
14.840 -6.456
14.838 -6.521
14.836 -6.310
14.834 -6.268
14.832 -6.257
14.830 -6.259
14.828 -6.247
14.827 -6.246
14.825 -6.251
14.823 -6.243
14.821 -6.248
14.819 -6.251
14.817 -6.245
14.815 -6.251
14.813 -6.247
14.811 -6.253
14.809 -6.250
14.808 -6.251
14.806 -6.263
14.804 -6.277
14.802 -6.258
14.800 -6.259
14.798 -6.264
14.796 -6.270
14.795 -6.286
14.793 -6.323
14.791 -6.452
14.789 -6.538
14.788 -6.346
14.786 -6.298
14.784 -6.287
14.782 -6.277
14.780 -6.272
14.779 -6.277
14.777 -6.283
14.775 -6.277
14.774 -6.282
14.772 -6.276
14.770 -6.278
14.768 -6.277
14.767 -6.281
14.765 -6.285
14.763 -6.291
14.762 -6.291
14.760 -6.288
14.758 -6.291
14.757 -6.286
14.755 -6.299
14.753 -6.290
14.752 -6.293
14.750 -6.301
14.748 -6.294
14.747 -6.296
14.745 -6.297
14.744 -6.302
14.742 -6.300
14.740 -6.299
14.739 -6.301
14.737 -6.302
14.736 -6.302
14.734 -6.305
14.733 -6.304
14.731 -6.307
14.729 -6.309
14.728 -6.308
14.726 -6.308
14.725 -6.310
14.723 -6.312
14.722 -6.313
14.720 -6.314
14.719 -6.313
14.717 -6.316
14.716 -6.316
14.714 -6.318
14.713 -6.319
14.711 -6.320
14.710 -6.321
14.708 -6.323
14.707 -6.328
14.705 -6.325
14.704 -6.326
14.702 -6.328
14.701 -6.329
14.699 -6.331
14.698 -6.333
14.697 -6.333
14.695 -6.334
14.694 -6.334
14.692 -6.336
14.691 -6.338
14.689 -6.341
14.688 -6.345
14.687 -6.344
14.685 -6.342
14.684 -6.343
14.682 -6.345
14.681 -6.350
14.680 -6.347
14.678 -6.348
14.677 -6.351
14.675 -6.351
14.674 -6.356
14.673 -6.356
14.671 -6.356
14.670 -6.359
14.669 -6.360
14.667 -6.365
14.666 -6.366
14.665 -6.372
14.663 -6.380
14.662 -6.404
14.661 -6.479
14.659 -6.568
14.658 -6.429
14.657 -6.393
14.655 -6.381
14.654 -6.377
14.653 -6.376
14.651 -6.375
14.650 -6.376
14.649 -6.376
14.648 -6.378
14.646 -6.377
14.645 -6.379
14.644 -6.380
14.642 -6.381
14.641 -6.382
14.640 -6.383
14.639 -6.384
14.637 -6.385
14.636 -6.387
14.635 -6.388
14.634 -6.389
14.632 -6.390
14.631 -6.393
14.630 -6.393
14.629 -6.394
14.627 -6.395
14.626 -6.396
14.625 -6.403
14.624 -6.400
14.623 -6.401
14.621 -6.402
14.620 -6.403
14.619 -6.404
14.618 -6.405
14.616 -6.407
14.615 -6.407
14.614 -6.409
14.613 -6.410
14.612 -6.411
14.611 -6.412
14.609 -6.413
14.608 -6.415
14.607 -6.417
14.606 -6.419
14.605 -6.419
14.604 -6.422
14.602 -6.422
14.601 -6.422
14.600 -6.423
14.599 -6.423
14.598 -6.424
14.597 -6.426
14.595 -6.427
14.594 -6.428
14.593 -6.429
14.592 -6.432
14.591 -6.432
14.590 -6.433
14.589 -6.434
14.588 -6.435
14.586 -6.444
14.585 -6.437
14.584 -6.438
14.583 -6.440
14.582 -6.442
14.581 -6.444
14.580 -6.446
14.579 -6.446
14.578 -6.447
14.576 -6.449
14.575 -6.448
14.574 -6.452
14.573 -6.450
14.572 -6.452
14.571 -6.453
14.570 -6.454
14.569 -6.455
14.568 -6.456
14.567 -6.457
14.566 -6.458
14.565 -6.459
14.564 -6.464
14.562 -6.464
14.561 -6.465
14.560 -6.466
14.559 -6.463
14.558 -6.464
14.557 -6.466
14.556 -6.469
14.555 -6.467
14.554 -6.468
14.553 -6.469
14.552 -6.470
14.551 -6.472
14.550 -6.478
14.549 -6.475
14.548 -6.476
14.547 -6.485
14.546 -6.478
14.545 -6.504
14.544 -6.477
14.543 -6.491
14.542 -6.495
14.541 -6.476
14.540 -6.489
14.539 -6.537
14.538 -6.487
14.537 -6.473
14.536 -6.489
14.535 -6.559
14.534 -6.504
14.533 -6.472
14.532 -6.467
14.531 -6.481
14.530 -6.529
14.529 -6.584
14.528 -6.498
14.527 -6.472
14.526 -6.464
14.525 -6.461
14.524 -6.472
14.523 -6.501
14.522 -6.591
14.521 -6.557
14.520 -6.493
14.519 -6.479
14.518 -6.476
14.517 -6.464
14.516 -6.462
14.515 -6.464
14.514 -6.473
14.514 -6.491
14.513 -6.532
14.512 -6.629
14.511 -6.547
14.510 -6.505
14.509 -6.480
14.508 -6.472
14.507 -6.470
14.506 -6.468
14.505 -6.468
14.504 -6.471
14.503 -6.483
14.502 -6.475
14.501 -6.478
14.500 -6.482
14.500 -6.492
14.499 -6.512
14.498 -6.560
14.497 -6.646
14.496 -6.552
14.495 -6.513
14.494 -6.499
14.493 -6.496
14.492 -6.488
14.491 -6.491
14.490 -6.489
14.490 -6.485
14.489 -6.486
14.488 -6.488
14.487 -6.488
14.486 -6.489
14.485 -6.490
14.484 -6.492
14.483 -6.494
14.483 -6.496
14.482 -6.500
14.481 -6.500
14.480 -6.502
14.479 -6.505
14.478 -6.510
14.477 -6.519
14.476 -6.572
14.474 -6.591
14.471 -6.525
14.469 -6.515
14.467 -6.514
14.465 -6.515
14.463 -6.518
14.461 -6.520
14.459 -6.523
14.457 -6.529
14.455 -6.531
14.453 -6.533
14.450 -6.535
14.448 -6.546
14.446 -6.545
14.444 -6.547
14.442 -6.554
14.440 -6.571
14.438 -6.653
14.436 -6.609
14.434 -6.569
14.432 -6.563
14.431 -6.563
14.429 -6.565
14.427 -6.566
14.425 -6.575
14.423 -6.577
14.421 -6.575
14.419 -6.579
14.417 -6.579
14.415 -6.581
14.413 -6.584
14.411 -6.590
14.410 -6.595
14.408 -6.591
14.406 -6.602
14.404 -6.600
14.402 -6.605
14.400 -6.601
14.399 -6.607
14.397 -6.608
14.395 -6.612
14.393 -6.614
14.391 -6.615
14.390 -6.618
14.388 -6.621
14.386 -6.623
14.384 -6.625
14.383 -6.627
14.381 -6.631
14.379 -6.634
14.377 -6.639
14.376 -6.641
14.374 -6.644
14.372 -6.653
14.370 -6.681
14.369 -6.752
14.367 -6.680
14.365 -6.662
14.364 -6.658
14.362 -6.659
14.360 -6.660
14.359 -6.662
14.357 -6.665
14.355 -6.666
14.354 -6.668
14.352 -6.671
14.351 -6.673
14.349 -6.676
14.347 -6.678
14.346 -6.681
14.344 -6.684
14.342 -6.685
14.341 -6.688
14.339 -6.693
14.338 -6.693
14.336 -6.695
14.335 -6.697
14.333 -6.700
14.331 -6.702
14.330 -6.704
14.328 -6.706
14.327 -6.709
14.325 -6.711
14.324 -6.713
14.322 -6.716
14.321 -6.718
14.319 -6.720
14.318 -6.728
14.316 -6.725
14.315 -6.730
14.313 -6.729
14.312 -6.732
14.310 -6.734
14.309 -6.736
14.307 -6.740
14.306 -6.741
14.304 -6.745
14.303 -6.744
14.301 -6.747
14.300 -6.750
14.299 -6.752
14.297 -6.753
14.296 -6.755
14.294 -6.757
14.293 -6.759
14.291 -6.762
14.290 -6.764
14.289 -6.768
14.287 -6.769
14.286 -6.771
14.284 -6.775
14.283 -6.774
14.282 -6.780
14.280 -6.784
14.279 -6.782
14.277 -6.784
14.276 -6.800
14.275 -6.792
14.273 -6.787
14.271 -6.797
14.269 -6.810
14.266 -6.795
14.263 -6.814
14.261 -6.833
14.258 -6.806
14.255 -6.809
14.253 -6.837
14.250 -6.859
14.248 -6.822
14.245 -6.823
14.243 -6.827
14.240 -6.841
14.238 -6.896
14.235 -6.859
14.233 -6.847
14.230 -6.848
14.228 -6.851
14.225 -6.855
14.223 -6.860
14.220 -6.873
14.218 -6.926
14.216 -6.898
14.213 -6.880
14.211 -6.881
14.208 -6.887
14.206 -6.900
14.204 -6.957
14.202 -6.911
14.199 -6.904
14.197 -6.904
14.195 -6.908
14.192 -6.914
14.190 -6.930
14.188 -6.984
14.186 -6.937
14.183 -6.929
14.181 -6.931
14.179 -6.933
14.177 -6.937
14.175 -6.940
14.173 -6.944
14.170 -6.948
14.168 -6.952
14.166 -6.955
14.164 -6.959
14.162 -6.963
14.160 -6.966
14.158 -6.970
14.156 -6.974
14.154 -6.978
14.152 -6.982
14.149 -6.986
14.147 -6.991
14.145 -6.996
14.143 -7.009
14.141 -7.061
14.139 -7.022
14.137 -7.011
14.135 -7.011
14.133 -7.014
14.131 -7.017
14.129 -7.020
14.128 -7.023
14.126 -7.027
14.124 -7.031
14.122 -7.034
14.120 -7.037
14.118 -7.040
14.116 -7.044
14.114 -7.047
14.112 -7.050
14.110 -7.053
14.109 -7.057
14.107 -7.060
14.105 -7.063
14.103 -7.066
14.101 -7.070
14.099 -7.073
14.098 -7.076
14.096 -7.079
14.094 -7.082
14.092 -7.085
14.090 -7.089
14.089 -7.092
14.087 -7.095
14.085 -7.098
14.083 -7.102
14.081 -7.105
14.080 -7.109
14.078 -7.111
14.076 -7.114
14.075 -7.119
14.073 -7.120
14.071 -7.123
14.069 -7.128
14.068 -7.134
14.066 -7.134
14.064 -7.136
14.063 -7.139
14.061 -7.148
14.059 -7.164
14.058 -7.202
14.056 -7.167
14.054 -7.156
14.053 -7.157
14.051 -7.164
14.049 -7.179
14.048 -7.169
14.046 -7.166
14.045 -7.168
14.043 -7.170
14.041 -7.173
14.040 -7.177
14.038 -7.185
14.037 -7.208
14.035 -7.202
14.034 -7.191
14.032 -7.191
14.030 -7.192
14.029 -7.195
14.027 -7.198
14.026 -7.200
14.024 -7.204
14.023 -7.208
14.021 -7.214
14.020 -7.230
14.018 -7.252
14.017 -7.228
14.015 -7.223
14.014 -7.223
14.012 -7.226
14.011 -7.227
14.009 -7.230
14.008 -7.233
14.006 -7.235
14.005 -7.238
14.003 -7.241
14.002 -7.243
14.000 -7.247
13.999 -7.250
13.998 -7.255
13.996 -7.264
13.995 -7.293
13.993 -7.288
13.992 -7.270
13.990 -7.268
13.989 -7.269
13.988 -7.271
13.986 -7.272
13.985 -7.275
13.983 -7.278
13.982 -7.280
13.981 -7.283
13.979 -7.286
13.978 -7.288
13.976 -7.290
13.975 -7.293
13.974 -7.295
13.972 -7.298
13.970 -7.301
13.968 -7.306
13.965 -7.312
13.962 -7.320
13.960 -7.353
13.957 -7.341
13.954 -7.334
13.952 -7.337
13.949 -7.342
13.947 -7.347
13.944 -7.351
13.942 -7.356
13.939 -7.360
13.936 -7.365
13.934 -7.369
13.932 -7.374
13.929 -7.378
13.927 -7.383
13.924 -7.388
13.922 -7.392
13.919 -7.397
13.917 -7.401
13.915 -7.406
13.912 -7.410
13.910 -7.416
13.907 -7.421
13.905 -7.442
13.903 -7.451
13.900 -7.434
13.898 -7.436
13.896 -7.441
13.894 -7.445
13.891 -7.448
13.889 -7.453
13.887 -7.458
13.885 -7.464
13.882 -7.465
13.880 -7.469
13.878 -7.473
13.876 -7.478
13.874 -7.486
13.872 -7.492
13.869 -7.518
13.867 -7.498
13.865 -7.498
13.863 -7.501
13.861 -7.505
13.859 -7.511
13.857 -7.524
13.855 -7.519
13.853 -7.521
13.850 -7.523
13.848 -7.526
13.846 -7.530
13.844 -7.534
13.842 -7.538
13.840 -7.543
13.838 -7.549
13.836 -7.566
13.834 -7.563
13.832 -7.559
13.830 -7.561
13.828 -7.564
13.827 -7.568
13.825 -7.572
13.823 -7.575
13.821 -7.579
13.819 -7.583
13.817 -7.587
13.815 -7.591
13.813 -7.595
13.811 -7.603
13.809 -7.632
13.808 -7.630
13.806 -7.616
13.804 -7.613
13.802 -7.615
13.800 -7.618
13.798 -7.622
13.796 -7.625
13.795 -7.628
13.793 -7.632
13.791 -7.635
13.789 -7.638
13.788 -7.642
13.786 -7.645
13.784 -7.648
13.782 -7.652
13.780 -7.655
13.779 -7.659
13.777 -7.662
13.775 -7.665
13.774 -7.669
13.772 -7.672
13.770 -7.677
13.768 -7.686
13.767 -7.708
13.765 -7.691
13.763 -7.690
13.762 -7.692
13.760 -7.694
13.758 -7.697
13.757 -7.701
13.755 -7.704
13.753 -7.707
13.752 -7.710
13.750 -7.713
13.748 -7.716
13.747 -7.720
13.745 -7.723
13.744 -7.725
13.742 -7.728
13.740 -7.731
13.739 -7.734
13.737 -7.738
13.736 -7.741
13.734 -7.745
13.733 -7.747
13.731 -7.749
13.729 -7.752
13.728 -7.755
13.726 -7.758
13.725 -7.761
13.723 -7.764
13.722 -7.768
13.720 -7.773
13.719 -7.774
13.717 -7.776
13.716 -7.778
13.714 -7.781
13.713 -7.784
13.711 -7.787
13.710 -7.791
13.708 -7.795
13.707 -7.805
13.705 -7.827
13.704 -7.809
13.702 -7.811
13.701 -7.811
13.699 -7.811
13.698 -7.813
13.697 -7.815
13.695 -7.818
13.694 -7.821
13.692 -7.823
13.691 -7.826
13.689 -7.829
13.688 -7.832
13.687 -7.834
13.685 -7.837
13.684 -7.840
13.682 -7.843
13.681 -7.846
13.680 -7.851
13.678 -7.860
13.677 -7.858
13.675 -7.857
13.674 -7.859
13.673 -7.861
13.671 -7.863
13.669 -7.867
13.667 -7.872
13.664 -7.877
13.661 -7.882
13.659 -7.887
13.656 -7.892
13.653 -7.898
13.651 -7.904
13.648 -7.912
13.646 -7.924
13.643 -7.920
13.640 -7.923
13.638 -7.927
13.635 -7.932
13.633 -7.937
13.630 -7.942
13.628 -7.947
13.626 -7.951
13.623 -7.956
13.621 -7.961
13.618 -7.966
13.616 -7.970
13.613 -7.975
13.611 -7.980
13.609 -7.985
13.606 -7.992
13.604 -8.014
13.602 -8.022
13.599 -8.009
13.597 -8.008
13.595 -8.012
13.593 -8.016
13.590 -8.020
13.588 -8.025
13.586 -8.030
13.584 -8.034
13.581 -8.037
13.579 -8.041
13.577 -8.045
13.575 -8.050
13.573 -8.054
13.570 -8.058
13.568 -8.063
13.566 -8.069
13.564 -8.072
13.562 -8.075
13.560 -8.079
13.558 -8.083
13.556 -8.087
13.554 -8.091
13.552 -8.095
13.549 -8.099
13.547 -8.103
13.545 -8.107
13.543 -8.111
13.541 -8.116
13.539 -8.123
13.537 -8.126
13.535 -8.138
13.533 -8.142
13.531 -8.136
13.529 -8.138
13.527 -8.142
13.525 -8.146
13.524 -8.149
13.522 -8.153
13.520 -8.157
13.518 -8.161
13.516 -8.164
13.514 -8.168
13.512 -8.172
13.510 -8.175
13.508 -8.180
13.506 -8.185
13.505 -8.194
13.503 -8.194
13.501 -8.195
13.499 -8.198
13.497 -8.201
13.495 -8.204
13.494 -8.208
13.492 -8.211
13.490 -8.215
13.488 -8.218
13.486 -8.222
13.485 -8.225
13.483 -8.229
13.481 -8.232
13.479 -8.236
13.478 -8.239
13.476 -8.242
13.176 -8.836
12.875 -9.440
12.699 -9.796
12.574 -10.050
