16.518 -40.503
16.506 -40.503
16.494 -40.503
16.487 -40.503
16.479 -40.503
16.468 -40.503
16.461 -40.503
16.453 -40.503
16.445 -40.503
16.434 -40.503
16.420 -40.503
16.406 -40.503
16.393 -40.503
16.381 -40.503
16.373 -40.503
16.368 -40.503
16.361 -40.503
16.355 -40.503
16.350 -40.503
16.341 -40.503
16.331 -40.503
16.321 -40.503
16.309 -40.503
16.298 -40.503
16.286 -40.503
16.276 -40.503
16.267 -40.503
16.257 -40.503
16.246 -40.503
16.238 -40.503
16.229 -40.503
16.221 -40.503
16.217 -40.503
16.207 -40.497
16.196 -40.232
16.189 -39.674
16.179 -38.840
16.172 -38.232
16.165 -37.677
16.154 -36.764
16.142 -35.865
16.135 -35.321
16.129 -34.852
16.121 -34.312
16.115 -33.872
16.108 -33.337
16.097 -32.569
16.085 -31.779
16.075 -31.097
16.067 -30.610
16.062 -30.265
16.055 -29.847
16.048 -29.391
16.040 -28.903
16.032 -28.432
16.024 -27.933
16.014 -27.411
16.006 -26.911
15.998 -26.510
15.988 -25.970
15.974 -25.241
15.961 -24.557
15.948 -23.915
15.935 -23.311
15.924 -22.796
15.913 -22.308
15.903 -21.843
15.891 -21.354
15.880 -20.890
15.869 -20.450
15.860 -20.072
15.852 -19.750
15.843 -19.441
15.832 -19.035
15.823 -18.683
15.814 -18.380
15.805 -18.058
15.796 -17.750
15.787 -17.455
15.778 -17.172
15.773 -16.173
15.768 -15.651
15.761 -15.479
15.753 -15.255
15.744 -15.094
15.736 -14.860
15.729 -14.679
15.721 -14.498
15.713 -14.349
15.706 -14.143
15.699 -13.978
15.691 -13.818
15.684 -13.678
15.677 -13.535
15.671 -13.407
15.664 -13.270
15.659 -13.161
15.654 -13.080
15.648 -12.959
15.641 -12.837
15.635 -12.716
15.629 -12.604
15.622 -12.485
15.616 -12.376
15.611 -12.287
15.605 -12.181
15.599 -12.079
15.593 -11.983
15.588 -11.886
15.582 -11.792
15.576 -11.705
15.571 -11.617
15.566 -11.534
15.560 -11.448
15.555 -11.372
15.550 -11.290
15.545 -11.211
15.540 -11.133
15.535 -11.058
15.530 -10.981
15.525 -10.911
15.520 -10.849
15.515 -9.884
15.511 -9.069
15.506 -8.612
15.501 -7.783
15.497 -7.352
15.492 -7.164
15.488 -7.920
15.483 -7.033
15.479 -7.009
15.475 -6.914
15.470 -6.932
15.466 -7.776
15.462 -7.277
15.458 -6.746
15.454 -6.701
15.449 -6.774
15.445 -6.651
15.441 -6.722
15.437 -6.615
15.433 -6.622
15.430 -6.544
15.426 -6.540
15.422 -6.418
15.418 -6.445
15.414 -6.391
15.410 -6.346
15.407 -6.405
15.403 -6.366
15.399 -6.949
15.396 -7.036
15.392 -7.811
15.389 -6.780
15.385 -6.320
15.382 -6.219
15.378 -6.206
15.375 -6.332
15.371 -6.206
15.368 -6.152
15.365 -6.345
15.361 -6.503
15.358 -6.188
15.355 -6.168
15.351 -6.285
15.348 -6.124
15.345 -6.134
15.342 -6.187
15.339 -6.146
15.335 -6.132
15.332 -6.148
15.329 -6.133
15.326 -6.154
15.323 -6.123
15.320 -6.132
15.318 -6.095
15.316 -6.085
15.314 -6.091
15.311 -6.111
15.308 -6.119
15.305 -6.104
15.302 -6.089
15.299 -6.100
15.297 -6.137
15.296 -6.104
15.294 -6.115
15.291 -6.150
15.288 -6.108
15.285 -6.131
15.282 -6.134
15.280 -6.114
15.277 -6.088
15.274 -6.075
15.271 -6.091
15.269 -6.080
15.266 -6.100
15.263 -6.076
15.261 -6.068
15.258 -6.105
15.255 -6.064
15.254 -6.132
15.252 -6.068
15.250 -6.043
15.248 -6.059
15.245 -6.079
15.243 -6.104
15.240 -6.103
15.238 -6.076
15.235 -6.079
15.233 -6.048
15.230 -6.090
15.228 -6.069
15.225 -6.055
15.223 -6.029
15.220 -6.030
15.218 -6.057
15.216 -6.048
15.213 -6.058
15.211 -6.081
15.208 -6.115
15.206 -6.093
15.204 -6.034
15.202 -6.062
15.199 -6.083
15.197 -6.052
15.195 -6.067
15.192 -6.067
15.190 -6.047
15.188 -6.040
15.186 -6.060
15.183 -6.022
15.181 -6.007
15.179 -6.028
15.177 -6.039
15.175 -6.021
15.173 -6.039
15.170 -6.010
15.168 -6.033
15.166 -6.018
15.164 -6.038
15.162 -6.028
15.160 -6.005
15.159 -6.027
15.158 -6.008
15.156 -6.028
15.154 -6.022
15.152 -6.017
15.149 -6.010
15.147 -6.038
15.145 -6.023
15.143 -6.005
15.141 -6.016
15.139 -6.018
15.137 -6.028
15.135 -6.008
15.133 -6.016
15.131 -6.031
15.129 -6.046
15.128 -6.015
15.126 -6.036
15.124 -6.046
15.122 -6.032
15.120 -6.019
15.118 -6.010
15.116 -6.023
15.114 -6.034
15.112 -6.049
15.110 -6.050
15.109 -6.066
15.107 -6.071
15.105 -6.049
15.103 -6.071
15.101 -6.061
15.099 -6.084
15.098 -6.052
15.096 -6.069
15.094 -6.059
15.092 -6.042
15.090 -6.058
15.089 -6.033
15.087 -6.042
15.085 -6.037
15.083 -6.047
15.081 -6.027
15.080 -6.036
15.078 -6.015
15.077 -6.041
15.076 -6.027
15.075 -6.045
15.073 -6.040
15.071 -6.048
15.069 -6.031
15.068 -6.034
15.066 -6.011
15.064 -6.014
15.063 -6.011
15.061 -6.023
15.059 -6.022
15.058 -6.014
15.056 -6.011
15.054 -5.992
15.053 -5.994
15.051 -6.013
15.049 -5.998
15.048 -6.001
15.046 -6.007
15.045 -5.999
15.043 -6.009
15.041 -6.006
15.040 -5.991
15.038 -6.024
15.037 -6.023
15.035 -6.013
15.034 -5.998
15.032 -5.995
15.030 -6.025
15.029 -6.005
15.027 -5.991
15.026 -5.991
15.024 -6.006
15.023 -6.011
15.021 -6.007
15.020 -5.996
15.018 -6.001
15.017 -5.996
15.015 -6.000
15.013 -5.985
15.010 -5.991
15.007 -5.991
15.004 -5.989
15.001 -5.988
14.998 -5.982
14.995 -5.982
14.993 -5.984
14.990 -5.985
14.987 -5.982
14.984 -5.987
14.981 -5.987
14.979 -5.985
14.976 -5.987
14.973 -5.994
14.970 -5.988
14.968 -5.989
14.965 -5.989
14.962 -5.988
14.960 -5.988
14.957 -5.987
14.954 -5.989
14.952 -5.991
14.949 -5.991
14.947 -5.993
14.944 -5.991
14.942 -5.992
14.939 -5.992
14.936 -5.994
14.934 -5.994
14.932 -5.993
14.929 -5.993
14.927 -5.994
14.924 -5.995
14.922 -5.996
14.919 -5.996
14.917 -5.997
14.916 -5.997
14.915 -5.997
14.912 -5.998
14.910 -6.010
14.907 -5.981
14.905 -5.953
14.903 -5.863
14.900 -5.851
14.898 -5.816
14.896 -5.783
14.894 -5.845
14.891 -5.766
14.889 -5.755
14.887 -5.857
14.885 -5.753
14.882 -5.759
14.880 -5.756
14.878 -5.868
14.876 -5.764
14.874 -5.761
14.872 -5.773
14.869 -5.762
14.867 -5.768
14.865 -5.792
14.863 -5.859
14.861 -5.781
14.859 -5.778
14.857 -5.778
14.855 -5.779
14.853 -5.780
14.850 -5.783
14.848 -5.786
14.846 -5.791
14.844 -5.790
14.842 -5.794
14.840 -5.831
14.838 -5.875
14.836 -5.801
14.834 -5.808
14.832 -5.803
14.830 -5.808
14.828 -5.807
14.827 -5.818
14.825 -5.816
14.823 -5.814
14.821 -5.817
14.819 -5.820
14.817 -5.820
14.815 -5.824
14.813 -5.824
14.811 -5.829
14.809 -5.829
14.808 -5.831
14.806 -5.833
14.804 -5.841
14.802 -5.839
14.800 -5.842
14.798 -5.841
14.796 -5.843
14.795 -5.847
14.793 -5.851
14.791 -5.880
14.789 -5.936
14.788 -5.857
14.786 -5.858
14.784 -5.865
14.782 -5.861
14.780 -5.862
14.779 -5.865
14.777 -5.875
14.775 -5.872
14.774 -5.878
14.772 -5.875
14.770 -5.877
14.768 -5.880
14.767 -5.881
14.765 -5.885
14.763 -5.886
14.762 -5.888
14.760 -5.893
14.758 -5.893
14.757 -5.894
14.755 -5.897
14.753 -5.896
14.752 -5.900
14.750 -5.901
14.748 -5.904
14.747 -5.905
14.745 -5.907
14.744 -5.909
14.742 -5.912
14.740 -5.913
14.739 -5.916
14.737 -5.917
14.736 -5.919
14.734 -5.921
14.733 -5.922
14.731 -5.924
14.729 -5.926
14.728 -5.928
14.726 -5.929
14.725 -5.934
14.723 -5.935
14.722 -5.936
14.720 -5.937
14.719 -5.939
14.717 -5.941
14.716 -5.943
14.714 -5.945
14.713 -5.947
14.711 -5.949
14.710 -5.951
14.708 -5.960
14.707 -5.956
14.705 -5.957
14.704 -5.958
14.702 -5.962
14.701 -5.963
14.699 -5.965
14.698 -5.966
14.697 -5.968
14.695 -5.970
14.694 -5.972
14.692 -5.974
14.691 -5.975
14.689 -5.977
14.688 -5.981
14.687 -5.981
14.685 -5.983
14.684 -5.985
14.682 -5.987
14.681 -5.990
14.680 -5.990
14.678 -5.992
14.677 -5.995
14.675 -5.996
14.674 -6.001
14.673 -6.002
14.671 -6.002
14.670 -6.004
14.669 -6.005
14.667 -6.007
14.666 -6.009
14.665 -6.011
14.663 -6.013
14.662 -6.016
14.661 -6.034
14.659 -6.094
14.658 -6.025
14.657 -6.022
14.655 -6.023
14.654 -6.024
14.653 -6.028
14.651 -6.030
14.650 -6.030
14.649 -6.032
14.648 -6.033
14.646 -6.035
14.645 -6.037
14.644 -6.039
14.642 -6.041
14.641 -6.042
14.640 -6.044
14.639 -6.045
14.637 -6.047
14.636 -6.050
14.635 -6.051
14.634 -6.052
14.632 -6.054
14.631 -6.056
14.630 -6.058
14.629 -6.060
14.627 -6.064
14.626 -6.062
14.625 -6.065
14.624 -6.066
14.623 -6.068
14.621 -6.069
14.620 -6.071
14.619 -6.073
14.618 -6.076
14.616 -6.076
14.615 -6.078
14.614 -6.080
14.613 -6.081
14.612 -6.083
14.611 -6.084
14.609 -6.086
14.608 -6.087
14.607 -6.089
14.606 -6.091
14.605 -6.093
14.604 -6.095
14.602 -6.096
14.601 -6.098
14.600 -6.099
14.599 -6.101
14.598 -6.102
14.597 -6.104
14.595 -6.105
14.594 -6.107
14.593 -6.109
14.592 -6.110
14.591 -6.112
14.590 -6.114
14.589 -6.115
14.588 -6.117
14.586 -6.123
14.585 -6.120
14.584 -6.121
14.583 -6.123
14.582 -6.126
14.581 -6.127
14.580 -6.130
14.579 -6.129
14.578 -6.131
14.576 -6.134
14.575 -6.134
14.574 -6.138
14.573 -6.137
14.572 -6.139
14.571 -6.140
14.570 -6.142
14.569 -6.144
14.568 -6.145
14.567 -6.147
14.566 -6.148
14.565 -6.149
14.564 -6.151
14.562 -6.154
14.561 -6.156
14.560 -6.156
14.559 -6.157
14.558 -6.159
14.557 -6.160
14.556 -6.162
14.555 -6.164
14.554 -6.166
14.553 -6.168
14.552 -6.171
14.551 -6.171
14.550 -6.175
14.549 -6.183
14.548 -6.168
14.547 -6.190
14.546 -6.164
14.545 -6.202
14.544 -6.159
14.543 -6.184
14.542 -6.192
14.541 -6.155
14.540 -6.165
14.539 -6.221
14.538 -6.157
14.537 -6.151
14.536 -6.160
14.535 -6.229
14.534 -6.171
14.533 -6.156
14.532 -6.156
14.531 -6.160
14.530 -6.183
14.529 -6.234
14.528 -6.168
14.527 -6.164
14.526 -6.166
14.525 -6.165
14.524 -6.168
14.523 -6.175
14.522 -6.235
14.521 -6.204
14.520 -6.176
14.519 -6.178
14.518 -6.178
14.517 -6.178
14.516 -6.179
14.515 -6.180
14.514 -6.183
14.514 -6.186
14.513 -6.198
14.512 -6.267
14.511 -6.205
14.510 -6.197
14.509 -6.192
14.508 -6.193
14.507 -6.194
14.506 -6.195
14.505 -6.196
14.504 -6.198
14.503 -6.203
14.502 -6.201
14.501 -6.202
14.500 -6.204
14.500 -6.206
14.499 -6.210
14.498 -6.224
14.497 -6.287
14.496 -6.222
14.495 -6.214
14.494 -6.215
14.493 -6.219
14.492 -6.217
14.491 -6.219
14.490 -6.220
14.490 -6.221
14.489 -6.222
14.488 -6.224
14.487 -6.225
14.486 -6.227
14.485 -6.228
14.484 -6.230
14.483 -6.231
14.483 -6.232
14.482 -6.234
14.481 -6.235
14.480 -6.236
14.479 -6.238
14.478 -6.239
14.477 -6.241
14.476 -6.259
14.474 -6.274
14.471 -6.253
14.469 -6.254
14.467 -6.257
14.465 -6.260
14.463 -6.264
14.461 -6.267
14.459 -6.271
14.457 -6.274
14.455 -6.278
14.453 -6.281
14.450 -6.284
14.448 -6.289
14.446 -6.291
14.444 -6.294
14.442 -6.300
14.440 -6.301
14.438 -6.339
14.436 -6.315
14.434 -6.311
14.432 -6.313
14.431 -6.317
14.429 -6.320
14.427 -6.323
14.425 -6.328
14.423 -6.331
14.421 -6.333
14.419 -6.336
14.417 -6.339
14.415 -6.342
14.413 -6.345
14.411 -6.349
14.410 -6.352
14.408 -6.354
14.406 -6.359
14.404 -6.361
14.402 -6.364
14.400 -6.367
14.399 -6.370
14.397 -6.373
14.395 -6.376
14.393 -6.379
14.391 -6.382
14.390 -6.385
14.388 -6.388
14.386 -6.391
14.384 -6.393
14.383 -6.396
14.381 -6.400
14.379 -6.402
14.377 -6.405
14.376 -6.408
14.374 -6.411
14.372 -6.414
14.370 -6.421
14.369 -6.454
14.367 -6.424
14.365 -6.425
14.364 -6.428
14.362 -6.431
14.360 -6.434
14.359 -6.436
14.357 -6.440
14.355 -6.442
14.354 -6.445
14.352 -6.447
14.351 -6.450
14.349 -6.453
14.347 -6.456
14.346 -6.459
14.344 -6.461
14.342 -6.464
14.341 -6.467
14.339 -6.469
14.338 -6.472
14.336 -6.475
14.335 -6.477
14.333 -6.480
14.331 -6.483
14.330 -6.485
14.328 -6.488
14.327 -6.491
14.325 -6.493
14.324 -6.496
14.322 -6.498
14.321 -6.501
14.319 -6.504
14.318 -6.507
14.316 -6.509
14.315 -6.511
14.313 -6.514
14.312 -6.516
14.310 -6.519
14.309 -6.521
14.307 -6.524
14.306 -6.526
14.304 -6.529
14.303 -6.531
14.301 -6.534
14.300 -6.536
14.299 -6.539
14.297 -6.542
14.296 -6.544
14.294 -6.546
14.293 -6.550
14.291 -6.553
14.290 -6.553
14.289 -6.560
14.287 -6.557
14.286 -6.559
14.284 -6.571
14.283 -6.560
14.282 -6.569
14.280 -6.579
14.279 -6.566
14.277 -6.568
14.276 -6.595
14.275 -6.576
14.273 -6.573
14.271 -6.580
14.269 -6.596
14.266 -6.584
14.263 -6.594
14.261 -6.610
14.258 -6.598
14.255 -6.603
14.253 -6.612
14.250 -6.628
14.248 -6.617
14.245 -6.621
14.243 -6.626
14.240 -6.630
14.238 -6.655
14.235 -6.641
14.233 -6.643
14.230 -6.648
14.228 -6.652
14.225 -6.657
14.223 -6.661
14.220 -6.666
14.218 -6.688
14.216 -6.677
14.213 -6.678
14.211 -6.682
14.208 -6.687
14.206 -6.692
14.204 -6.713
14.202 -6.699
14.199 -6.703
14.197 -6.707
14.195 -6.711
14.192 -6.715
14.190 -6.720
14.188 -6.743
14.186 -6.728
14.183 -6.731
14.181 -6.735
14.179 -6.739
14.177 -6.743
14.175 -6.747
14.173 -6.751
14.170 -6.755
14.168 -6.759
14.166 -6.762
14.164 -6.766
14.162 -6.770
14.160 -6.774
14.158 -6.778
14.156 -6.781
14.154 -6.785
14.152 -6.789
14.149 -6.793
14.147 -6.796
14.145 -6.800
14.143 -6.804
14.141 -6.826
14.139 -6.812
14.137 -6.815
14.135 -6.818
14.133 -6.822
14.131 -6.825
14.129 -6.829
14.128 -6.832
14.126 -6.836
14.124 -6.839
14.122 -6.843
14.120 -6.846
14.118 -6.850
14.116 -6.853
14.114 -6.857
14.112 -6.860
14.110 -6.864
14.109 -6.867
14.107 -6.870
14.105 -6.874
14.103 -6.877
14.101 -6.880
14.099 -6.884
14.098 -6.887
14.096 -6.891
14.094 -6.894
14.092 -6.897
14.090 -6.901
14.089 -6.904
14.087 -6.907
14.085 -6.911
14.083 -6.914
14.081 -6.915
14.080 -6.924
14.078 -6.922
14.076 -6.925
14.075 -6.935
14.073 -6.931
14.071 -6.933
14.069 -6.937
14.068 -6.950
14.066 -6.943
14.064 -6.945
14.063 -6.948
14.061 -6.954
14.059 -6.969
14.058 -6.977
14.056 -6.962
14.054 -6.963
14.053 -6.966
14.051 -6.970
14.049 -6.989
14.048 -6.976
14.046 -6.978
14.045 -6.981
14.043 -6.984
14.041 -6.987
14.040 -6.990
14.038 -6.993
14.037 -7.012
14.035 -7.004
14.034 -7.001
14.032 -7.004
14.030 -7.007
14.029 -7.010
14.027 -7.013
14.026 -7.016
14.024 -7.019
14.023 -7.022
14.021 -7.025
14.020 -7.030
14.018 -7.048
14.017 -7.034
14.015 -7.036
14.014 -7.039
14.012 -7.041
14.011 -7.044
14.009 -7.047
14.008 -7.050
14.006 -7.052
14.005 -7.055
14.003 -7.058
14.002 -7.061
14.000 -7.063
13.999 -7.066
13.998 -7.069
13.996 -7.072
13.995 -7.088
13.993 -7.084
13.992 -7.080
13.990 -7.082
13.989 -7.085
13.988 -7.088
13.986 -7.090
13.985 -7.093
13.983 -7.095
13.982 -7.098
13.981 -7.101
13.979 -7.103
13.978 -7.106
13.976 -7.108
13.975 -7.111
13.974 -7.113
13.972 -7.116
13.970 -7.120
13.968 -7.125
13.965 -7.130
13.962 -7.135
13.960 -7.151
13.957 -7.147
13.954 -7.150
13.952 -7.155
13.949 -7.160
13.947 -7.165
13.944 -7.170
13.942 -7.174
13.939 -7.179
13.936 -7.184
13.934 -7.189
13.932 -7.193
13.929 -7.198
13.927 -7.203
13.924 -7.207
13.922 -7.212
13.919 -7.217
13.917 -7.220
13.915 -7.226
13.912 -7.229
13.910 -7.236
13.907 -7.238
13.905 -7.247
13.903 -7.256
13.900 -7.251
13.898 -7.255
13.896 -7.262
13.894 -7.266
13.891 -7.267
13.889 -7.272
13.887 -7.277
13.885 -7.287
13.882 -7.285
13.880 -7.289
13.878 -7.293
13.876 -7.297
13.874 -7.305
13.872 -7.311
13.869 -7.319
13.867 -7.314
13.865 -7.317
13.863 -7.321
13.861 -7.326
13.859 -7.330
13.857 -7.344
13.855 -7.338
13.853 -7.341
13.850 -7.345
13.848 -7.349
13.846 -7.353
13.844 -7.357
13.842 -7.361
13.840 -7.365
13.838 -7.369
13.836 -7.382
13.834 -7.378
13.832 -7.380
13.830 -7.384
13.828 -7.388
13.827 -7.391
13.825 -7.395
13.823 -7.399
13.821 -7.402
13.819 -7.406
13.817 -7.410
13.815 -7.413
13.813 -7.417
13.811 -7.421
13.809 -7.436
13.808 -7.440
13.806 -7.432
13.804 -7.435
13.802 -7.438
13.800 -7.442
13.798 -7.445
13.796 -7.448
13.795 -7.452
13.793 -7.455
13.791 -7.459
13.789 -7.462
13.788 -7.466
13.786 -7.469
13.784 -7.473
13.782 -7.476
13.780 -7.480
13.779 -7.482
13.777 -7.486
13.775 -7.490
13.774 -7.492
13.772 -7.496
13.770 -7.501
13.768 -7.504
13.767 -7.518
13.765 -7.510
13.763 -7.514
13.762 -7.516
13.760 -7.519
13.758 -7.522
13.757 -7.526
13.755 -7.530
13.753 -7.531
13.752 -7.535
13.750 -7.538
13.748 -7.541
13.747 -7.546
13.745 -7.549
13.744 -7.550
13.742 -7.553
13.740 -7.556
13.739 -7.560
13.737 -7.563
13.736 -7.567
13.734 -7.573
13.733 -7.572
13.731 -7.575
13.729 -7.578
13.728 -7.581
13.726 -7.584
13.725 -7.587
13.723 -7.590
13.722 -7.593
13.720 -7.602
13.719 -7.599
13.717 -7.602
13.716 -7.605
13.714 -7.607
13.713 -7.610
13.711 -7.613
13.710 -7.616
13.708 -7.619
13.707 -7.623
13.705 -7.638
13.704 -7.629
13.702 -7.638
13.701 -7.636
13.699 -7.636
13.698 -7.638
13.697 -7.641
13.695 -7.644
13.694 -7.647
13.692 -7.650
13.691 -7.652
13.689 -7.655
13.688 -7.658
13.687 -7.661
13.685 -7.663
13.684 -7.666
13.682 -7.669
13.681 -7.672
13.680 -7.675
13.678 -7.688
13.677 -7.681
13.675 -7.682
13.674 -7.685
13.673 -7.688
13.671 -7.690
13.669 -7.694
13.667 -7.700
13.664 -7.705
13.661 -7.710
13.659 -7.715
13.656 -7.720
13.653 -7.725
13.651 -7.730
13.648 -7.736
13.646 -7.748
13.643 -7.746
13.640 -7.750
13.638 -7.755
13.635 -7.761
13.633 -7.765
13.630 -7.770
13.628 -7.775
13.626 -7.780
13.623 -7.785
13.621 -7.789
13.618 -7.794
13.616 -7.800
13.613 -7.804
13.611 -7.808
13.609 -7.813
13.606 -7.818
13.604 -7.830
13.602 -7.840
13.599 -7.832
13.597 -7.835
13.595 -7.840
13.593 -7.844
13.590 -7.849
13.588 -7.853
13.586 -7.861
13.584 -7.862
13.581 -7.866
13.579 -7.871
13.577 -7.875
13.575 -7.879
13.573 -7.883
13.570 -7.888
13.568 -7.892
13.566 -7.900
13.564 -7.901
13.562 -7.904
13.560 -7.909
13.558 -7.913
13.556 -7.917
13.554 -7.921
13.552 -7.925
13.549 -7.929
13.547 -7.933
13.545 -7.937
13.543 -7.941
13.541 -7.945
13.539 -7.955
13.537 -7.953
13.535 -7.962
13.533 -7.965
13.531 -7.965
13.529 -7.969
13.527 -7.972
13.525 -7.976
13.524 -7.980
13.522 -7.984
13.520 -7.988
13.518 -7.991
13.516 -7.995
13.514 -7.999
13.512 -8.003
13.510 -8.007
13.508 -8.010
13.506 -8.014
13.505 -8.025
13.503 -8.022
13.501 -8.025
13.499 -8.029
13.497 -8.032
13.495 -8.035
13.494 -8.039
13.492 -8.043
13.490 -8.046
13.488 -8.050
13.486 -8.053
13.485 -8.057
13.483 -8.061
13.481 -8.064
13.479 -8.067
13.478 -8.071
13.476 -8.074
13.176 -8.673
12.875 -9.282
12.699 -9.641
12.574 -9.896
