16.518 -40.503
16.506 -40.503
16.494 -40.503
16.487 -40.503
16.479 -40.503
16.468 -40.503
16.461 -40.503
16.453 -40.503
16.445 -40.503
16.434 -40.503
16.420 -40.503
16.406 -40.503
16.393 -40.503
16.381 -40.503
16.373 -40.503
16.368 -40.503
16.361 -40.503
16.355 -40.503
16.350 -40.503
16.341 -40.503
16.331 -40.503
16.321 -40.503
16.309 -40.503
16.298 -40.503
16.286 -40.503
16.276 -40.503
16.267 -40.503
16.257 -40.503
16.246 -40.503
16.238 -40.503
16.229 -40.503
16.221 -40.503
16.217 -40.503
16.207 -40.503
16.196 -40.503
16.189 -40.502
16.179 -40.481
16.172 -40.392
16.165 -40.156
16.154 -39.431
16.142 -38.572
16.135 -38.041
16.129 -37.585
16.121 -37.056
16.115 -36.621
16.108 -36.096
16.097 -35.337
16.085 -34.552
16.075 -33.870
16.067 -33.379
16.062 -33.032
16.055 -32.608
16.048 -32.147
16.040 -31.651
16.032 -31.169
16.024 -30.657
16.014 -30.120
16.006 -29.605
15.998 -29.188
15.988 -28.626
15.974 -27.863
15.961 -27.143
15.948 -26.464
15.935 -25.821
15.924 -25.268
15.913 -24.743
15.903 -24.244
15.891 -23.715
15.880 -23.213
15.869 -22.734
15.860 -22.322
15.852 -21.970
15.843 -21.633
15.832 -21.185
15.823 -20.798
15.814 -20.464
15.805 -20.108
15.796 -19.766
15.787 -19.438
15.778 -19.124
15.773 -18.666
15.768 -18.407
15.761 -18.189
15.753 -17.923
15.744 -17.673
15.736 -17.422
15.729 -17.185
15.721 -16.956
15.713 -16.741
15.706 -16.522
15.699 -16.316
15.691 -16.115
15.684 -15.922
15.677 -15.735
15.671 -15.555
15.664 -15.378
15.659 -15.241
15.654 -15.125
15.648 -14.962
15.641 -14.804
15.635 -14.650
15.629 -14.501
15.622 -14.342
15.616 -14.201
15.611 -14.078
15.605 -13.945
15.599 -13.816
15.593 -13.690
15.588 -13.567
15.582 -13.447
15.576 -13.332
15.571 -13.218
15.566 -13.107
15.560 -12.999
15.555 -12.895
15.550 -12.791
15.545 -12.691
15.540 -12.594
15.535 -12.499
15.530 -12.405
15.525 -12.314
15.520 -12.227
15.515 -11.490
15.511 -10.699
15.506 -10.471
15.501 -10.194
15.497 -9.938
15.492 -9.786
15.488 -9.993
15.483 -9.333
15.479 -8.951
15.475 -8.938
15.470 -9.350
15.466 -9.798
15.462 -9.339
15.458 -8.758
15.454 -8.384
15.449 -8.285
15.445 -8.142
15.441 -8.072
15.437 -8.021
15.433 -7.736
15.430 -7.113
15.426 -7.024
15.422 -6.931
15.418 -6.994
15.414 -6.932
15.410 -6.909
15.407 -6.994
15.403 -7.195
15.399 -8.258
15.396 -8.597
15.392 -9.161
15.389 -8.646
15.385 -7.834
15.382 -7.203
15.378 -6.865
15.375 -6.901
15.371 -6.676
15.368 -6.563
15.365 -6.595
15.361 -6.819
15.358 -6.563
15.355 -6.516
15.351 -6.550
15.348 -6.473
15.345 -6.499
15.342 -6.521
15.339 -6.474
15.335 -6.482
15.332 -6.467
15.329 -6.460
15.326 -6.464
15.323 -6.434
15.320 -6.470
15.318 -6.415
15.316 -6.396
15.314 -6.400
15.311 -6.423
15.308 -6.442
15.305 -6.429
15.302 -6.394
15.299 -6.395
15.297 -6.423
15.296 -6.384
15.294 -6.415
15.291 -6.433
15.288 -6.379
15.285 -6.434
15.282 -6.478
15.280 -6.423
15.277 -6.388
15.274 -6.373
15.271 -6.387
15.269 -6.380
15.266 -6.410
15.263 -6.397
15.261 -6.374
15.258 -6.428
15.255 -6.377
15.254 -6.458
15.252 -6.385
15.250 -6.354
15.248 -6.381
15.245 -6.392
15.243 -6.403
15.240 -6.404
15.238 -6.382
15.235 -6.383
15.233 -6.355
15.230 -6.402
15.228 -6.362
15.225 -6.358
15.223 -6.334
15.220 -6.345
15.218 -6.347
15.216 -6.352
15.213 -6.359
15.211 -6.380
15.208 -6.369
15.206 -6.363
15.204 -6.340
15.202 -6.346
15.199 -6.349
15.197 -6.352
15.195 -6.343
15.192 -6.340
15.190 -6.342
15.188 -6.330
15.186 -6.335
15.183 -6.319
15.181 -6.316
15.179 -6.325
15.177 -6.333
15.175 -6.329
15.173 -6.348
15.170 -6.331
15.168 -6.330
15.166 -6.322
15.164 -6.334
15.162 -6.331
15.160 -6.324
15.159 -6.315
15.158 -6.314
15.156 -6.324
15.154 -6.325
15.152 -6.324
15.149 -6.320
15.147 -6.350
15.145 -6.324
15.143 -6.319
15.141 -6.332
15.139 -6.334
15.137 -6.334
15.135 -6.318
15.133 -6.329
15.131 -6.347
15.129 -6.353
15.128 -6.324
15.126 -6.350
15.124 -6.354
15.122 -6.345
15.120 -6.330
15.118 -6.322
15.116 -6.335
15.114 -6.343
15.112 -6.353
15.110 -6.351
15.109 -6.365
15.107 -6.380
15.105 -6.353
15.103 -6.378
15.101 -6.364
15.099 -6.392
15.098 -6.362
15.096 -6.375
15.094 -6.366
15.092 -6.350
15.090 -6.365
15.089 -6.341
15.087 -6.352
15.085 -6.348
15.083 -6.357
15.081 -6.339
15.080 -6.349
15.078 -6.324
15.077 -6.346
15.076 -6.342
15.075 -6.358
15.073 -6.356
15.071 -6.355
15.069 -6.339
15.068 -6.339
15.066 -6.321
15.064 -6.320
15.063 -6.322
15.061 -6.333
15.059 -6.331
15.058 -6.322
15.056 -6.318
15.054 -6.295
15.053 -6.298
15.051 -6.317
15.049 -6.303
15.048 -6.304
15.046 -6.311
15.045 -6.304
15.043 -6.315
15.041 -6.311
15.040 -6.293
15.038 -6.328
15.037 -6.327
15.035 -6.316
15.034 -6.300
15.032 -6.303
15.030 -6.371
15.029 -6.334
15.027 -6.291
15.026 -6.289
15.024 -6.298
15.023 -6.306
15.021 -6.309
15.020 -6.294
15.018 -6.300
15.017 -6.294
15.015 -6.299
15.013 -6.278
15.010 -6.287
15.007 -6.283
15.004 -6.280
15.001 -6.278
14.998 -6.271
14.995 -6.271
14.993 -6.272
14.990 -6.273
14.987 -6.269
14.984 -6.273
14.981 -6.271
14.979 -6.268
14.976 -6.268
14.973 -6.274
14.970 -6.268
14.968 -6.270
14.965 -6.267
14.962 -6.265
14.960 -6.263
14.957 -6.261
14.954 -6.263
14.952 -6.265
14.949 -6.263
14.947 -6.264
14.944 -6.260
14.942 -6.260
14.939 -6.259
14.936 -6.260
14.934 -6.259
14.932 -6.257
14.929 -6.256
14.927 -6.255
14.924 -6.256
14.922 -6.256
14.919 -6.256
14.917 -6.256
14.916 -6.255
14.915 -6.245
14.912 -6.244
14.910 -6.247
14.907 -6.255
14.905 -6.275
14.903 -6.226
14.900 -6.208
14.898 -6.129
14.896 -6.060
14.894 -6.146
14.891 -6.012
14.889 -5.951
14.887 -6.197
14.885 -5.944
14.882 -5.906
14.880 -5.940
14.878 -6.199
14.876 -5.957
14.874 -5.897
14.872 -5.896
14.869 -5.894
14.867 -5.913
14.865 -6.035
14.863 -6.143
14.861 -5.935
14.859 -5.906
14.857 -5.902
14.855 -5.903
14.853 -5.904
14.850 -5.907
14.848 -5.910
14.846 -5.915
14.844 -5.920
14.842 -5.944
14.840 -6.079
14.838 -6.141
14.836 -5.956
14.834 -5.936
14.832 -5.929
14.830 -5.931
14.828 -5.929
14.827 -5.935
14.825 -5.940
14.823 -5.936
14.821 -5.938
14.819 -5.942
14.817 -5.941
14.815 -5.945
14.813 -5.945
14.811 -5.950
14.809 -5.949
14.808 -5.952
14.806 -5.955
14.804 -5.963
14.802 -5.959
14.800 -5.962
14.798 -5.964
14.796 -5.969
14.795 -5.977
14.793 -5.999
14.791 -6.113
14.789 -6.192
14.788 -6.018
14.786 -5.990
14.784 -5.987
14.782 -5.984
14.780 -5.985
14.779 -5.987
14.777 -5.992
14.775 -5.991
14.774 -5.997
14.772 -5.994
14.770 -5.996
14.768 -5.999
14.767 -6.000
14.765 -6.003
14.763 -6.007
14.762 -6.008
14.760 -6.010
14.758 -6.012
14.757 -6.013
14.755 -6.017
14.753 -6.016
14.752 -6.020
14.750 -6.021
14.748 -6.022
14.747 -6.024
14.745 -6.026
14.744 -6.029
14.742 -6.030
14.740 -6.032
14.739 -6.034
14.737 -6.036
14.736 -6.038
14.734 -6.039
14.733 -6.041
14.731 -6.043
14.729 -6.045
14.728 -6.046
14.726 -6.048
14.725 -6.051
14.723 -6.053
14.722 -6.054
14.720 -6.056
14.719 -6.058
14.717 -6.060
14.716 -6.062
14.714 -6.064
14.713 -6.065
14.711 -6.067
14.710 -6.069
14.708 -6.073
14.707 -6.074
14.705 -6.075
14.704 -6.076
14.702 -6.079
14.701 -6.080
14.699 -6.083
14.698 -6.084
14.697 -6.086
14.695 -6.088
14.694 -6.089
14.692 -6.091
14.691 -6.093
14.689 -6.095
14.688 -6.099
14.687 -6.099
14.685 -6.100
14.684 -6.102
14.682 -6.104
14.681 -6.107
14.680 -6.107
14.678 -6.109
14.677 -6.111
14.675 -6.113
14.674 -6.118
14.673 -6.118
14.671 -6.118
14.670 -6.120
14.669 -6.122
14.667 -6.126
14.666 -6.127
14.665 -6.131
14.663 -6.136
14.662 -6.151
14.661 -6.216
14.659 -6.296
14.658 -6.172
14.657 -6.148
14.655 -6.144
14.654 -6.143
14.653 -6.144
14.651 -6.145
14.650 -6.146
14.649 -6.147
14.648 -6.149
14.646 -6.150
14.645 -6.152
14.644 -6.154
14.642 -6.156
14.641 -6.157
14.640 -6.159
14.639 -6.160
14.637 -6.162
14.636 -6.164
14.635 -6.165
14.634 -6.167
14.632 -6.169
14.631 -6.171
14.630 -6.172
14.629 -6.174
14.627 -6.176
14.626 -6.177
14.625 -6.179
14.624 -6.180
14.623 -6.182
14.621 -6.183
14.620 -6.185
14.619 -6.187
14.618 -6.188
14.616 -6.190
14.615 -6.191
14.614 -6.193
14.613 -6.195
14.612 -6.196
14.611 -6.198
14.609 -6.199
14.608 -6.201
14.607 -6.203
14.606 -6.205
14.605 -6.206
14.604 -6.208
14.602 -6.209
14.601 -6.211
14.600 -6.212
14.599 -6.213
14.598 -6.215
14.597 -6.217
14.595 -6.218
14.594 -6.220
14.593 -6.221
14.592 -6.223
14.591 -6.224
14.590 -6.226
14.589 -6.227
14.588 -6.229
14.586 -6.237
14.585 -6.232
14.584 -6.233
14.583 -6.235
14.582 -6.237
14.581 -6.240
14.580 -6.242
14.579 -6.241
14.578 -6.243
14.576 -6.245
14.575 -6.245
14.574 -6.250
14.573 -6.248
14.572 -6.250
14.571 -6.251
14.570 -6.253
14.569 -6.254
14.568 -6.256
14.567 -6.257
14.566 -6.259
14.565 -6.260
14.564 -6.263
14.562 -6.262
14.561 -6.264
14.560 -6.263
14.559 -6.264
14.558 -6.265
14.557 -6.266
14.556 -6.268
14.555 -6.269
14.554 -6.270
14.553 -6.271
14.552 -6.273
14.551 -6.274
14.550 -6.280
14.549 -6.279
14.548 -6.280
14.547 -6.286
14.546 -6.283
14.545 -6.296
14.544 -6.282
14.543 -6.298
14.542 -6.302
14.541 -6.281
14.540 -6.297
14.539 -6.337
14.538 -6.290
14.537 -6.276
14.536 -6.294
14.535 -6.365
14.534 -6.312
14.533 -6.274
14.532 -6.267
14.531 -6.280
14.530 -6.333
14.529 -6.384
14.528 -6.302
14.527 -6.273
14.526 -6.266
14.525 -6.265
14.524 -6.275
14.523 -6.305
14.522 -6.391
14.521 -6.362
14.520 -6.298
14.519 -6.280
14.518 -6.276
14.517 -6.272
14.516 -6.272
14.515 -6.274
14.514 -6.281
14.514 -6.297
14.513 -6.338
14.512 -6.427
14.511 -6.353
14.510 -6.311
14.509 -6.290
14.508 -6.285
14.507 -6.285
14.506 -6.285
14.505 -6.286
14.504 -6.288
14.503 -6.293
14.502 -6.291
14.501 -6.293
14.500 -6.297
14.500 -6.305
14.499 -6.323
14.498 -6.371
14.497 -6.447
14.496 -6.363
14.495 -6.324
14.494 -6.312
14.493 -6.312
14.492 -6.307
14.491 -6.309
14.490 -6.308
14.490 -6.309
14.489 -6.310
14.488 -6.311
14.487 -6.312
14.486 -6.313
14.485 -6.315
14.484 -6.317
14.483 -6.319
14.483 -6.320
14.482 -6.323
14.481 -6.324
14.480 -6.326
14.479 -6.328
14.478 -6.332
14.477 -6.339
14.476 -6.389
14.474 -6.406
14.471 -6.347
14.469 -6.343
14.467 -6.344
14.465 -6.347
14.463 -6.350
14.461 -6.354
14.459 -6.357
14.457 -6.361
14.455 -6.364
14.453 -6.367
14.450 -6.370
14.448 -6.376
14.446 -6.378
14.444 -6.382
14.442 -6.387
14.440 -6.400
14.438 -6.475
14.436 -6.437
14.434 -6.404
14.432 -6.402
14.431 -6.404
14.429 -6.406
14.427 -6.409
14.425 -6.415
14.423 -6.417
14.421 -6.418
14.419 -6.422
14.417 -6.424
14.415 -6.427
14.413 -6.431
14.411 -6.434
14.410 -6.438
14.408 -6.440
14.406 -6.445
14.404 -6.446
14.402 -6.450
14.400 -6.452
14.399 -6.455
14.397 -6.458
14.395 -6.461
14.393 -6.464
14.391 -6.467
14.390 -6.470
14.388 -6.473
14.386 -6.476
14.384 -6.478
14.383 -6.481
14.381 -6.485
14.379 -6.487
14.377 -6.491
14.376 -6.494
14.374 -6.498
14.372 -6.504
14.370 -6.526
14.369 -6.587
14.367 -6.527
14.365 -6.515
14.364 -6.514
14.362 -6.516
14.360 -6.518
14.359 -6.521
14.357 -6.524
14.355 -6.526
14.354 -6.529
14.352 -6.532
14.351 -6.534
14.349 -6.537
14.347 -6.540
14.346 -6.543
14.344 -6.545
14.342 -6.548
14.341 -6.551
14.339 -6.554
14.338 -6.556
14.336 -6.559
14.335 -6.561
14.333 -6.564
14.331 -6.566
14.330 -6.569
14.328 -6.572
14.327 -6.574
14.325 -6.577
14.324 -6.579
14.322 -6.582
14.321 -6.584
14.319 -6.587
14.318 -6.591
14.316 -6.592
14.315 -6.595
14.313 -6.597
14.312 -6.598
14.310 -6.601
14.309 -6.603
14.307 -6.606
14.306 -6.608
14.304 -6.611
14.303 -6.613
14.301 -6.615
14.300 -6.618
14.299 -6.620
14.297 -6.622
14.296 -6.625
14.294 -6.627
14.293 -6.630
14.291 -6.632
14.290 -6.634
14.289 -6.638
14.287 -6.640
14.286 -6.643
14.284 -6.646
14.283 -6.646
14.282 -6.652
14.280 -6.656
14.279 -6.652
14.277 -6.656
14.276 -6.670
14.275 -6.664
14.273 -6.659
14.271 -6.669
14.269 -6.682
14.266 -6.669
14.263 -6.686
14.261 -6.702
14.258 -6.680
14.255 -6.683
14.253 -6.707
14.250 -6.726
14.248 -6.697
14.245 -6.699
14.243 -6.704
14.240 -6.714
14.238 -6.759
14.235 -6.730
14.233 -6.722
14.230 -6.725
14.228 -6.729
14.225 -6.733
14.223 -6.738
14.220 -6.748
14.218 -6.791
14.216 -6.770
14.213 -6.757
14.211 -6.760
14.208 -6.764
14.206 -6.774
14.204 -6.819
14.202 -6.784
14.199 -6.781
14.197 -6.784
14.195 -6.788
14.192 -6.793
14.190 -6.805
14.188 -6.849
14.186 -6.813
14.183 -6.809
14.181 -6.811
14.179 -6.815
14.177 -6.819
14.175 -6.823
14.173 -6.827
14.170 -6.830
14.168 -6.834
14.166 -6.838
14.164 -6.842
14.162 -6.846
14.160 -6.849
14.158 -6.853
14.156 -6.857
14.154 -6.861
14.152 -6.865
14.149 -6.868
14.147 -6.872
14.145 -6.878
14.143 -6.888
14.141 -6.929
14.139 -6.900
14.137 -6.893
14.135 -6.894
14.133 -6.897
14.131 -6.901
14.129 -6.904
14.128 -6.908
14.126 -6.911
14.124 -6.915
14.122 -6.918
14.120 -6.922
14.118 -6.925
14.116 -6.928
14.114 -6.932
14.112 -6.935
14.110 -6.938
14.109 -6.942
14.107 -6.945
14.105 -6.948
14.103 -6.952
14.101 -6.955
14.099 -6.958
14.098 -6.961
14.096 -6.965
14.094 -6.968
14.092 -6.971
14.090 -6.974
14.089 -6.978
14.087 -6.981
14.085 -6.984
14.083 -6.987
14.081 -6.991
14.080 -6.995
14.078 -6.997
14.076 -7.000
14.075 -7.005
14.073 -7.007
14.071 -7.009
14.069 -7.014
14.068 -7.020
14.066 -7.020
14.064 -7.021
14.063 -7.025
14.061 -7.033
14.059 -7.046
14.058 -7.076
14.056 -7.048
14.054 -7.041
14.053 -7.043
14.051 -7.050
14.049 -7.064
14.048 -7.056
14.046 -7.054
14.045 -7.055
14.043 -7.058
14.041 -7.061
14.040 -7.065
14.038 -7.072
14.037 -7.092
14.035 -7.087
14.034 -7.078
14.032 -7.079
14.030 -7.080
14.029 -7.083
14.027 -7.085
14.026 -7.088
14.024 -7.092
14.023 -7.096
14.021 -7.101
14.020 -7.115
14.018 -7.134
14.017 -7.114
14.015 -7.111
14.014 -7.112
14.012 -7.114
14.011 -7.116
14.009 -7.119
14.008 -7.122
14.006 -7.125
14.005 -7.127
14.003 -7.130
14.002 -7.133
14.000 -7.136
13.999 -7.139
13.998 -7.143
13.996 -7.151
13.995 -7.176
13.993 -7.172
13.992 -7.157
13.990 -7.156
13.989 -7.157
13.988 -7.160
13.986 -7.162
13.985 -7.165
13.983 -7.167
13.982 -7.170
13.981 -7.173
13.979 -7.175
13.978 -7.178
13.976 -7.180
13.975 -7.183
13.974 -7.185
13.972 -7.188
13.970 -7.192
13.968 -7.197
13.965 -7.202
13.962 -7.209
13.960 -7.237
13.957 -7.228
13.954 -7.224
13.952 -7.227
13.949 -7.232
13.947 -7.237
13.944 -7.242
13.942 -7.246
13.939 -7.251
13.936 -7.256
13.934 -7.260
13.932 -7.265
13.929 -7.270
13.927 -7.274
13.924 -7.279
13.922 -7.283
13.919 -7.288
13.917 -7.292
13.915 -7.297
13.912 -7.301
13.910 -7.306
13.907 -7.312
13.905 -7.329
13.903 -7.337
13.900 -7.325
13.898 -7.328
13.896 -7.333
13.894 -7.337
13.891 -7.340
13.889 -7.344
13.887 -7.349
13.885 -7.356
13.882 -7.357
13.880 -7.361
13.878 -7.365
13.876 -7.370
13.874 -7.377
13.872 -7.383
13.869 -7.404
13.867 -7.389
13.865 -7.389
13.863 -7.393
13.861 -7.397
13.859 -7.403
13.857 -7.415
13.855 -7.412
13.853 -7.413
13.850 -7.416
13.848 -7.420
13.846 -7.423
13.844 -7.427
13.842 -7.431
13.840 -7.436
13.838 -7.442
13.836 -7.457
13.834 -7.455
13.832 -7.452
13.830 -7.454
13.828 -7.458
13.827 -7.461
13.825 -7.465
13.823 -7.469
13.821 -7.473
13.819 -7.476
13.817 -7.480
13.815 -7.484
13.813 -7.488
13.811 -7.495
13.809 -7.520
13.808 -7.519
13.806 -7.509
13.804 -7.507
13.802 -7.509
13.800 -7.512
13.798 -7.515
13.796 -7.519
13.795 -7.522
13.793 -7.526
13.791 -7.529
13.789 -7.532
13.788 -7.536
13.786 -7.539
13.784 -7.543
13.782 -7.546
13.780 -7.549
13.779 -7.553
13.777 -7.556
13.775 -7.560
13.774 -7.563
13.772 -7.567
13.770 -7.571
13.768 -7.579
13.767 -7.598
13.765 -7.584
13.763 -7.584
13.762 -7.586
13.760 -7.589
13.758 -7.592
13.757 -7.595
13.755 -7.599
13.753 -7.602
13.752 -7.604
13.750 -7.607
13.748 -7.611
13.747 -7.614
13.745 -7.618
13.744 -7.620
13.742 -7.622
13.740 -7.626
13.739 -7.629
13.737 -7.632
13.736 -7.636
13.734 -7.640
13.733 -7.642
13.731 -7.644
13.729 -7.647
13.728 -7.650
13.726 -7.653
13.725 -7.656
13.723 -7.659
13.722 -7.663
13.720 -7.668
13.719 -7.669
13.717 -7.671
13.716 -7.673
13.714 -7.676
13.713 -7.679
13.711 -7.683
13.710 -7.686
13.708 -7.690
13.707 -7.699
13.705 -7.718
13.704 -7.703
13.702 -7.705
13.701 -7.706
13.699 -7.706
13.698 -7.708
13.697 -7.711
13.695 -7.714
13.694 -7.716
13.692 -7.719
13.691 -7.722
13.689 -7.724
13.688 -7.727
13.687 -7.730
13.685 -7.733
13.684 -7.736
13.682 -7.738
13.681 -7.742
13.680 -7.747
13.678 -7.755
13.677 -7.753
13.675 -7.753
13.674 -7.755
13.673 -7.757
13.671 -7.759
13.669 -7.763
13.667 -7.768
13.664 -7.773
13.661 -7.778
13.659 -7.783
13.656 -7.789
13.653 -7.794
13.651 -7.800
13.648 -7.808
13.646 -7.819
13.643 -7.816
13.640 -7.819
13.638 -7.823
13.635 -7.828
13.633 -7.833
13.630 -7.838
13.628 -7.843
13.626 -7.848
13.623 -7.853
13.621 -7.857
13.618 -7.862
13.616 -7.867
13.613 -7.871
13.611 -7.876
13.609 -7.882
13.606 -7.888
13.604 -7.908
13.602 -7.916
13.599 -7.905
13.597 -7.905
13.595 -7.909
13.593 -7.913
13.590 -7.917
13.588 -7.922
13.586 -7.927
13.584 -7.930
13.581 -7.934
13.579 -7.938
13.577 -7.942
13.575 -7.947
13.573 -7.951
13.570 -7.955
13.568 -7.960
13.566 -7.966
13.564 -7.969
13.562 -7.972
13.560 -7.976
13.558 -7.980
13.556 -7.984
13.554 -7.988
13.552 -7.992
13.549 -7.996
13.547 -8.000
13.545 -8.004
13.543 -8.009
13.541 -8.014
13.539 -8.021
13.537 -8.023
13.535 -8.035
13.533 -8.038
13.531 -8.033
13.529 -8.036
13.527 -8.039
13.525 -8.043
13.524 -8.047
13.522 -8.051
13.520 -8.055
13.518 -8.058
13.516 -8.062
13.514 -8.066
13.512 -8.070
13.510 -8.073
13.508 -8.078
13.506 -8.082
13.505 -8.091
13.503 -8.092
13.501 -8.093
13.499 -8.096
13.497 -8.099
13.495 -8.102
13.494 -8.106
13.492 -8.109
13.490 -8.113
13.488 -8.116
13.486 -8.120
13.485 -8.123
13.483 -8.127
13.481 -8.130
13.479 -8.134
13.478 -8.137
13.476 -8.141
13.176 -8.737
12.875 -9.343
12.699 -9.700
12.574 -9.954
